x	y
0.000	-36.659
0.244	-39.998
0.488	-50.769
0.732	-72.377
0.977	-94.854
1.221	-96.412
1.465	-98.035
1.709	-97.811
1.953	-98.335
2.197	-101.127
2.441	-102.897
2.686	-101.551
2.930	-102.156
3.174	-102.832
3.418	-103.320
3.662	-104.455
3.906	-104.690
4.150	-104.332
4.395	-104.484
4.639	-105.143
4.883	-105.825
5.127	-105.443
5.371	-105.255
5.615	-105.384
5.859	-105.302
6.104	-106.830
6.348	-108.782
6.592	-110.088
6.836	-108.412
7.080	-107.007
7.324	-106.431
7.568	-105.296
7.812	-105.025
8.057	-107.054
8.301	-109.694
8.545	-109.417
8.789	-109.482
9.033	-108.083
9.277	-107.042
9.521	-107.242
9.766	-107.900
10.010	-107.559
10.254	-107.806
10.498	-108.647
10.742	-108.959
10.986	-109.241
11.230	-108.947
11.475	-109.229
11.719	-109.517
11.963	-109.417
12.207	-109.899
12.451	-109.576
12.695	-108.641
12.940	-108.635
13.184	-107.965
13.428	-107.401
13.672	-108.965
13.916	-109.658
14.160	-109.329
14.404	-110.540
14.648	-110.823
14.893	-109.417
15.137	-108.506
15.381	-108.929
15.625	-109.717
15.869	-110.117
16.113	-110.670
16.357	-110.940
16.602	-110.440
16.846	-110.746
17.090	-111.305
17.334	-112.251
17.578	-111.093
17.822	-110.570
18.066	-111.081
18.311	-110.952
18.555	-109.929
18.799	-109.464
19.043	-110.205
19.287	-111.822
19.531	-111.993
19.775	-111.710
20.020	-110.288
20.264	-111.034
20.508	-111.122
20.752	-111.052
20.996	-111.540
21.240	-111.569
21.484	-110.964
21.729	-111.252
21.973	-110.599
22.217	-110.617
22.461	-112.698
22.705	-113.086
22.949	-114.391
23.193	-113.868
23.437	-111.117
23.682	-111.258
23.926	-111.928
24.170	-111.334
24.414	-111.281
24.658	-111.946
24.902	-113.451
25.146	-113.933
25.391	-114.391
25.635	-113.580
25.879	-113.045
26.123	-113.110
26.367	-110.911
26.611	-110.511
26.855	-109.388
27.100	-110.823
27.344	-112.275
27.588	-113.086
27.832	-114.391
28.076	-114.391
28.320	-113.751
28.564	-112.922
28.809	-112.463
29.053	-112.475
29.297	-113.386
29.541	-113.063
29.785	-112.204
30.029	-111.193
30.273	-109.852
30.518	-110.411
30.762	-113.304
31.006	-114.391
31.250	-114.391
31.494	-112.745
31.738	-111.910
31.982	-111.193
32.227	-112.698
32.471	-112.263
32.715	-112.410
32.959	-113.074
33.203	-112.475
33.447	-111.169
33.691	-111.687
33.935	-109.835
34.180	-109.670
34.424	-110.552
34.668	-110.152
34.912	-113.045
35.156	-113.768
35.400	-112.769
35.645	-110.887
35.889	-111.481
36.133	-112.939
36.377	-112.210
36.621	-111.240
36.865	-112.151
37.109	-112.251
37.353	-112.851
37.598	-112.733
37.842	-114.262
38.086	-114.391
38.330	-114.391
38.574	-114.391
38.818	-114.391
39.062	-114.391
39.307	-114.086
39.551	-114.056
39.795	-110.581
40.039	-109.988
40.283	-109.658
40.527	-110.717
40.772	-111.305
41.016	-112.422
41.260	-111.469
41.504	-110.728
41.748	-111.269
41.992	-113.074
42.236	-114.391
42.480	-114.391
42.725	-113.798
42.969	-111.822
43.213	-112.657
43.457	-112.575
43.701	-114.391
43.945	-114.391
44.190	-112.151
44.434	-113.121
44.678	-114.291
44.922	-112.287
45.166	-112.034
45.410	-113.121
45.654	-114.262
45.898	-112.140
46.143	-113.780
46.387	-113.651
46.631	-111.775
46.875	-111.058
47.119	-111.358
47.363	-112.910
47.607	-112.510
47.852	-111.628
48.096	-111.410
48.340	-111.258
48.584	-111.963
48.828	-112.093
49.072	-114.391
49.316	-114.391
49.560	-114.391
49.805	-112.045
50.049	-111.187
50.293	-112.827
50.537	-111.851
50.781	-112.698
51.025	-114.391
51.270	-114.391
51.514	-111.481
51.758	-110.764
52.002	-111.746
52.246	-112.063
52.490	-113.263
52.734	-114.280
52.978	-111.869
53.223	-111.675
53.467	-112.122
53.711	-112.792
53.955	-112.633
54.199	-110.711
54.443	-110.105
54.687	-110.346
54.932	-111.199
55.176	-110.511
55.420	-112.287
55.664	-114.391
55.908	-114.391
56.152	-114.391
56.397	-114.391
56.641	-114.039
56.885	-113.063
57.129	-112.645
57.373	-113.662
57.617	-113.333
57.861	-113.915
58.105	-114.391
58.350	-114.391
58.594	-114.309
58.838	-112.722
59.082	-111.399
59.326	-104.902
59.570	-86.805
59.815	-77.180
60.059	-74.775
60.303	-79.056
60.547	-90.962
60.791	-109.135
61.035	-111.081
61.279	-111.199
61.523	-110.699
61.768	-110.335
62.012	-110.740
62.256	-111.346
62.500	-111.240
62.744	-110.335
62.988	-110.958
63.232	-112.122
63.477	-114.391
63.721	-114.391
63.965	-113.227
64.209	-113.227
64.453	-114.391
64.697	-114.056
64.941	-111.469
65.186	-111.810
65.430	-110.834
65.674	-111.275
65.918	-111.722
66.162	-111.787
66.406	-112.245
66.650	-112.804
66.894	-113.468
67.139	-113.086
67.383	-112.298
67.627	-111.746
67.871	-112.733
68.115	-114.391
68.359	-114.391
68.603	-114.391
68.848	-114.391
69.092	-114.150
69.336	-114.391
69.580	-114.391
69.824	-114.391
70.068	-114.133
70.312	-114.391
70.557	-114.391
70.801	-114.391
71.045	-114.391
71.289	-114.391
71.533	-113.439
71.777	-111.834
72.022	-114.344
72.266	-114.391
72.510	-114.391
72.754	-114.280
72.998	-114.162
73.242	-114.391
73.486	-114.391
73.731	-113.798
73.975	-113.374
74.219	-114.391
74.463	-114.391
74.707	-112.710
74.951	-113.751
75.195	-114.391
75.439	-114.391
75.684	-113.021
75.928	-114.391
76.172	-114.391
76.416	-114.391
76.660	-114.391
76.904	-114.391
77.148	-114.039
77.393	-114.327
77.637	-114.391
77.881	-114.391
78.125	-114.391
78.369	-114.391
78.613	-114.391
78.857	-114.068
79.102	-114.344
79.346	-114.391
79.590	-114.391
79.834	-114.391
80.078	-114.391
80.322	-114.391
80.566	-114.391
80.811	-114.391
81.055	-114.391
81.299	-114.391
81.543	-114.391
81.787	-114.374
82.031	-112.022
82.275	-111.628
82.519	-113.333
82.764	-113.827
83.008	-114.391
83.252	-114.391
83.496	-114.391
83.740	-114.391
83.984	-114.391
84.228	-114.391
84.473	-114.391
84.717	-114.391
84.961	-114.391
85.205	-114.391
85.449	-114.391
85.693	-114.391
85.937	-114.391
86.182	-113.110
86.426	-113.856
86.670	-114.391
86.914	-112.563
87.158	-112.457
87.402	-112.939
87.647	-113.439
87.891	-113.562
88.135	-112.922
88.379	-114.391
88.623	-114.056
88.867	-112.827
89.111	-114.150
89.356	-114.086
89.600	-112.381
89.844	-110.323
90.088	-111.428
90.332	-114.391
90.576	-114.391
90.820	-114.280
91.064	-113.562
91.309	-114.086
91.553	-112.328
91.797	-113.251
92.041	-114.391
92.285	-113.780
92.529	-112.745
92.773	-113.992
93.018	-113.304
93.262	-111.746
93.506	-111.963
93.750	-113.692
93.994	-113.609
94.238	-113.992
94.482	-113.827
94.727	-114.391
94.971	-112.304
95.215	-111.787
95.459	-114.356
95.703	-114.391
95.947	-114.391
96.191	-114.391
96.436	-114.391
96.680	-114.391
96.924	-114.391
97.168	-113.839
97.412	-112.140
