0.000	-33.725
3.906	-37.070
7.812	-47.841
11.719	-69.631
15.625	-104.761
19.531	-99.393
23.437	-98.382
27.344	-103.085
31.250	-114.391
35.156	-109.888
39.062	-114.056
42.969	-109.335
46.875	-107.483
50.781	-96.318
54.687	-83.600
58.594	-77.909
62.500	-79.044
66.406	-87.058
70.312	-104.220
74.219	-114.391
78.125	-114.391
82.031	-110.958
85.937	-106.278
89.844	-107.507
93.750	-111.657
97.656	-112.998
101.563	-114.391
105.469	-112.457
109.375	-108.318
113.281	-103.132
117.188	-97.993
121.094	-98.140
125.000	-103.932
128.906	-114.391
132.813	-114.391
136.719	-114.391
140.625	-114.391
144.531	-114.391
148.438	-114.391
152.344	-110.093
156.250	-111.381
160.156	-113.357
164.063	-112.851
167.969	-114.391
171.875	-114.244
175.781	-109.206
179.688	-107.947
183.594	-108.635
187.500	-107.748
191.406	-114.391
195.313	-114.391
199.219	-114.391
203.125	-114.391
207.031	-111.211
210.938	-110.517
214.844	-106.436
218.750	-107.230
222.656	-108.294
226.563	-111.593
230.469	-112.345
234.375	-108.653
238.281	-111.316
242.188	-114.327
246.094	-114.391
250.000	-110.093
253.906	-109.747
257.813	-112.081
261.719	-114.391
265.625	-111.117
269.531	-113.827
273.438	-114.391
277.344	-111.046
281.250	-114.327
285.156	-114.391
289.063	-114.244
292.969	-112.345
296.875	-114.391
300.781	-114.391
304.688	-112.610
308.594	-109.782
312.500	-112.851
316.406	-114.391
320.313	-114.391
324.219	-114.391
328.125	-114.391
332.031	-114.391
335.938	-114.391
339.844	-114.244
343.750	-113.868
347.656	-114.391
351.563	-111.446
355.469	-109.782
359.375	-111.316
363.281	-114.391
367.188	-114.391
371.094	-114.391
375.000	-114.391
378.906	-112.792
382.813	-114.391
386.719	-112.081
390.625	-109.988
394.531	-109.194
398.438	-109.988
402.344	-109.070
406.250	-112.710
410.156	-114.391
414.063	-114.391
417.969	-114.391
421.875	-109.682
425.781	-109.747
429.688	-111.622
433.594	-114.391
437.500	-114.391
441.406	-114.391
445.313	-114.391
449.219	-113.163
453.125	-112.192
457.031	-112.792
460.938	-111.628
464.844	-108.136
468.750	-112.022
472.656	-114.391
476.563	-114.391
480.469	-114.391
484.375	-110.017
488.281	-114.391
492.188	-114.391
496.094	-113.163
500.000	-114.391
503.906	-114.391
507.813	-109.206
511.719	-110.035
515.625	-113.827
519.531	-114.391
523.438	-114.391
527.344	-114.056
531.250	-110.499
535.156	-107.953
539.063	-105.613
542.969	-106.431
546.875	-106.913
550.781	-109.388
554.688	-111.305
558.594	-114.391
562.500	-113.868
566.406	-114.391
570.313	-111.928
574.219	-108.635
578.125	-108.094
582.031	-109.335
585.938	-114.327
589.844	-114.391
593.750	-114.391
597.656	-114.391
601.563	-114.391
605.469	-114.391
609.375	-114.391
613.281	-112.345
617.188	-109.594
621.094	-111.046
625.000	-114.391
628.906	-112.998
632.813	-110.928
636.719	-114.244
640.625	-114.391
644.531	-114.391
648.438	-114.391
652.344	-110.858
656.250	-113.427
660.156	-114.391
664.063	-114.391
667.969	-114.391
671.875	-111.122
675.781	-114.327
679.688	-114.391
683.594	-113.468
687.500	-114.391
691.406	-111.628
695.313	-106.607
699.219	-109.065
703.125	-114.391
707.031	-114.391
710.938	-114.391
714.844	-114.391
718.750	-110.035
722.656	-107.859
726.563	-108.782
730.469	-108.418
734.375	-110.017
738.281	-112.192
742.188	-109.394
746.094	-109.335
750.000	-108.688
753.906	-111.446
757.813	-114.391
761.719	-114.391
765.625	-114.391
769.531	-114.391
773.438	-114.391
777.344	-114.391
781.250	-114.391
785.156	-114.244
789.063	-110.346
792.969	-114.244
796.875	-114.391
800.781	-113.509
804.688	-108.318
808.594	-107.724
812.500	-109.511
816.406	-114.391
820.313	-114.391
824.219	-114.391
828.125	-114.391
832.031	-114.391
835.938	-112.410
839.844	-114.391
843.750	-114.391
847.656	-114.056
851.563	-114.391
855.469	-114.391
859.375	-114.391
863.281	-114.391
867.188	-114.391
871.094	-114.391
875.000	-114.391
878.906	-114.391
882.813	-114.391
886.719	-114.391
890.625	-114.391
894.531	-114.391
898.438	-114.391
902.344	-114.391
906.250	-114.391
910.156	-114.391
914.063	-114.391
917.969	-114.391
921.875	-114.391
925.781	-112.457
929.688	-114.327
933.594	-113.163
937.500	-114.391
941.406	-112.457
945.313	-111.628
949.219	-113.868
953.125	-114.391
957.031	-114.391
960.938	-114.391
964.844	-114.391
968.750	-114.391
972.656	-111.810
976.563	-112.022
980.469	-111.810
984.375	-111.869
988.281	-114.327
992.188	-111.928
996.094	-108.318
1000.000	-110.346
1003.910	-114.391
1007.810	-113.809
1011.720	-114.391
1015.630	-114.391
1019.530	-114.391
1023.440	-114.327
1027.340	-114.391
1031.250	-114.391
1035.160	-112.110
1039.060	-113.992
1042.970	-109.870
1046.880	-109.747
1050.780	-112.110
1054.690	-114.391
1058.590	-107.089
1062.500	-106.001
1066.410	-111.316
1070.310	-114.391
1074.220	-114.391
1078.130	-114.391
1082.030	-114.391
1085.940	-114.391
1089.840	-114.391
1093.750	-114.391
1097.660	-114.391
1101.560	-114.391
1105.470	-114.391
1109.380	-113.868
1113.280	-114.391
1117.190	-114.391
1121.090	-113.856
1125.000	-110.093
1128.910	-114.391
1132.810	-114.391
1136.720	-111.657
1140.630	-114.391
1144.530	-114.391
1148.440	-114.391
1152.340	-114.391
1156.250	-114.391
1160.160	-110.746
1164.060	-112.851
1167.970	-114.391
1171.880	-114.391
1175.780	-114.391
1179.690	-114.391
1183.590	-109.347
1187.500	-114.327
1191.410	-113.468
1195.310	-112.998
1199.220	-114.391
1203.130	-114.391
1207.030	-114.391
1210.940	-114.391
1214.840	-113.827
1218.750	-112.998
1222.660	-111.928
1226.560	-112.345
1230.470	-114.391
1234.380	-114.391
1238.280	-114.391
1242.190	-114.391
1246.090	-114.391
1250.000	-114.391
1253.910	-112.081
1257.810	-114.391
1261.720	-114.391
1265.630	-114.391
1269.530	-114.391
1273.440	-114.391
1277.340	-114.391
1281.250	-114.391
1285.160	-114.391
1289.060	-114.391
1292.970	-114.391
1296.880	-114.391
1300.780	-114.391
1304.690	-114.391
1308.590	-114.391
1312.500	-114.391
1316.410	-114.391
1320.310	-114.391
1324.220	-114.391
1328.130	-114.391
1332.030	-114.391
1335.940	-114.391
1339.840	-114.391
1343.750	-113.163
1347.660	-114.391
1351.560	-114.391
1355.470	-114.391
1359.380	-111.093
1363.280	-112.792
1367.190	-114.391
1371.090	-114.391
1375.000	-112.792
1378.910	-114.391
1382.810	-114.391
1386.720	-114.391
1390.630	-114.391
1394.530	-114.391
1398.440	-113.163
1402.340	-114.391
1406.250	-114.391
1410.160	-111.657
1414.060	-114.327
1417.970	-113.809
1421.880	-114.391
1425.780	-114.391
1429.690	-114.391
1433.590	-114.391
1437.500	-113.809
1441.410	-114.391
1445.310	-114.391
1449.220	-114.391
1453.130	-114.391
1457.030	-114.244
1460.940	-114.391
1464.840	-114.391
1468.750	-112.792
1472.660	-111.646
1476.560	-112.539
1480.470	-114.391
1484.380	-114.391
1488.280	-114.391
1492.190	-114.391
1496.090	-114.391
1500.000	-114.391
1503.910	-114.391
1507.810	-114.391
1511.720	-114.391
1515.630	-114.391
1519.530	-113.809
1523.440	-114.391
1527.340	-114.391
1531.250	-114.391
1535.160	-114.391
1539.060	-114.391
1542.970	-114.391
1546.880	-114.391
1550.780	-114.391
1554.690	-112.192
1558.590	-114.391
