x	y
0.000	-34.771
3.906	-38.111
7.812	-48.882
11.719	-70.507
15.625	-95.847
19.531	-97.811
23.437	-99.699
27.344	-100.580
31.250	-100.563
35.156	-100.698
39.062	-101.803
42.969	-103.044
46.875	-103.626
50.781	-95.412
54.687	-82.125
58.594	-76.328
62.500	-77.280
66.406	-85.176
70.312	-100.351
74.219	-105.466
78.125	-105.772
82.031	-106.007
85.937	-106.160
89.844	-106.407
93.750	-106.331
97.656	-106.378
101.563	-106.736
105.469	-107.312
109.375	-107.965
113.281	-105.231
117.188	-99.446
121.094	-98.135
125.000	-102.186
128.906	-107.124
132.813	-108.059
136.719	-108.118
140.625	-108.488
144.531	-108.153
148.438	-108.141
152.344	-108.012
156.250	-108.494
160.156	-109.194
164.063	-109.223
167.969	-109.159
171.875	-109.276
175.781	-108.241
179.688	-106.660
183.594	-107.365
187.500	-108.847
191.406	-109.035
195.313	-109.288
199.219	-109.200
203.125	-109.317
207.031	-109.623
210.938	-110.340
214.844	-110.464
218.750	-109.829
222.656	-109.553
226.563	-109.605
230.469	-109.635
234.375	-109.235
238.281	-108.083
242.188	-108.094
246.094	-109.264
250.000	-109.776
253.906	-110.170
257.813	-110.605
261.719	-110.470
265.625	-110.634
269.531	-110.711
273.438	-110.887
277.344	-111.463
281.250	-111.252
285.156	-110.711
289.063	-110.705
292.969	-110.246
296.875	-108.441
300.781	-107.689
304.688	-109.364
308.594	-110.764
312.500	-110.576
316.406	-110.611
320.313	-110.664
324.219	-110.670
328.125	-110.981
332.031	-110.717
335.938	-111.416
339.844	-111.463
343.750	-111.234
347.656	-111.557
351.563	-111.646
355.469	-110.611
359.375	-109.235
363.281	-109.641
367.188	-110.911
371.094	-111.534
375.000	-111.275
378.906	-111.122
382.813	-111.034
386.719	-111.022
390.625	-111.105
394.531	-111.481
398.438	-111.258
402.344	-111.646
406.250	-111.340
410.156	-111.640
414.063	-111.516
417.969	-110.023
421.875	-109.653
425.781	-110.570
429.688	-111.069
433.594	-111.416
437.500	-111.499
441.406	-111.216
445.313	-111.722
449.219	-111.675
453.125	-111.211
457.031	-111.540
460.938	-112.004
464.844	-112.204
468.750	-111.916
472.656	-111.793
476.563	-110.952
480.469	-110.411
484.375	-111.610
488.281	-111.975
492.188	-111.610
496.094	-112.122
500.000	-111.928
503.906	-111.575
507.813	-111.446
511.719	-111.822
515.625	-111.446
519.531	-111.452
523.438	-111.834
527.344	-111.640
531.250	-111.358
535.156	-110.623
539.063	-109.529
542.969	-110.105
546.875	-111.787
550.781	-111.693
554.688	-111.687
558.594	-111.363
562.500	-111.605
566.406	-112.422
570.313	-111.928
574.219	-111.381
578.125	-111.769
582.031	-111.605
585.938	-111.446
589.844	-111.728
593.750	-111.946
597.656	-111.857
601.563	-111.957
605.469	-112.357
609.375	-111.557
613.281	-111.934
617.188	-112.457
621.094	-112.345
625.000	-112.110
628.906	-112.175
632.813	-112.551
636.719	-112.963
640.625	-112.780
644.531	-112.745
648.438	-112.287
652.344	-112.304
656.250	-111.281
660.156	-110.082
664.063	-111.316
667.969	-112.575
671.875	-112.287
675.781	-112.140
679.688	-111.663
683.594	-111.610
687.500	-112.075
691.406	-112.175
695.313	-112.075
699.219	-112.175
703.125	-112.192
707.031	-112.745
710.938	-112.792
714.844	-111.804
718.750	-111.646
722.656	-111.963
726.563	-111.946
730.469	-112.204
734.375	-112.075
738.281	-112.851
742.188	-113.045
746.094	-112.804
750.000	-112.222
753.906	-112.163
757.813	-111.881
761.719	-111.898
765.625	-112.263
769.531	-112.134
773.438	-112.586
777.344	-111.710
781.250	-111.028
785.156	-112.075
789.063	-112.434
792.969	-112.610
796.875	-112.733
800.781	-112.922
804.688	-113.021
808.594	-112.998
812.500	-112.563
816.406	-111.887
820.313	-112.245
824.219	-112.275
828.125	-111.946
832.031	-112.622
835.938	-112.816
839.844	-112.339
843.750	-112.445
847.656	-112.745
851.563	-112.851
855.469	-112.434
859.375	-112.081
863.281	-112.163
867.188	-112.287
871.094	-112.275
875.000	-112.163
878.906	-111.840
882.813	-112.134
886.719	-112.675
890.625	-112.645
894.531	-112.533
898.438	-111.963
902.344	-111.910
906.250	-112.445
910.156	-112.939
914.063	-113.151
917.969	-112.827
921.875	-112.963
925.781	-112.874
929.688	-112.722
933.594	-112.434
937.500	-112.986
941.406	-112.304
945.313	-112.075
949.219	-112.686
953.125	-112.710
957.031	-112.287
960.938	-111.975
964.844	-112.298
968.750	-112.575
972.656	-112.863
976.563	-112.769
980.469	-112.675
984.375	-112.339
988.281	-112.245
992.188	-112.410
996.094	-112.304
1000.000	-112.575
1003.910	-112.963
1007.810	-113.186
1011.720	-113.033
1015.630	-112.951
1019.530	-112.769
1023.440	-112.792
1027.340	-112.445
1031.250	-112.063
1035.160	-113.021
1039.060	-113.621
1042.970	-113.539
1046.880	-113.021
1050.780	-112.874
1054.690	-112.163
1058.590	-112.163
1062.500	-112.422
1066.410	-112.874
1070.310	-113.063
1074.220	-112.922
1078.130	-112.381
1082.030	-112.004
1085.940	-112.287
1089.840	-112.863
1093.750	-113.304
1097.660	-113.251
1101.560	-113.045
1105.470	-112.622
1109.380	-112.963
1113.280	-112.757
1117.190	-113.110
1121.090	-113.110
1125.000	-112.816
1128.910	-112.698
1132.810	-112.657
1136.720	-112.486
1140.630	-112.675
1144.530	-113.427
1148.440	-113.692
1152.340	-112.939
1156.250	-112.522
1160.160	-112.645
1164.060	-112.463
1167.970	-112.645
1171.880	-113.186
1175.780	-113.768
1179.690	-113.410
1183.590	-112.633
1187.500	-112.633
1191.410	-112.839
1195.310	-113.074
1199.220	-113.074
1203.130	-112.963
1207.030	-112.910
1210.940	-112.733
1214.840	-112.963
1218.750	-112.710
1222.660	-112.345
1226.560	-113.045
1230.470	-114.068
1234.380	-113.662
1238.280	-113.263
1242.190	-112.769
1246.090	-112.463
1250.000	-113.227
1253.910	-113.074
1257.810	-112.445
1261.720	-112.275
1265.630	-112.804
1269.530	-112.745
1273.440	-113.410
1277.340	-113.304
1281.250	-113.163
1285.160	-113.621
1289.060	-113.809
1292.970	-112.851
1296.880	-112.645
1300.780	-113.110
1304.690	-112.951
1308.590	-112.457
1312.500	-112.657
1316.410	-112.827
1320.310	-113.174
1324.220	-112.910
1328.130	-112.657
1332.030	-112.745
1335.940	-113.086
1339.840	-113.768
1343.750	-113.357
1347.660	-113.151
1351.560	-113.357
1355.470	-113.427
1359.380	-113.439
1363.280	-113.010
1367.190	-112.863
1371.090	-112.622
1375.000	-112.598
1378.910	-112.181
1382.810	-112.275
1386.720	-112.533
1390.630	-112.963
1394.530	-113.856
1398.440	-113.374
1402.340	-112.575
1406.250	-112.175
1410.160	-112.093
1414.060	-112.110
1417.970	-113.033
1421.880	-113.509
1425.780	-113.074
1429.690	-112.769
1433.590	-112.522
1437.500	-112.827
1441.410	-112.698
1445.310	-113.592
1449.220	-114.150
1453.130	-113.868
1457.030	-113.562
1460.940	-113.263
1464.840	-113.163
1468.750	-113.227
1472.660	-113.263
1476.560	-113.345
1480.470	-113.174
1484.380	-112.510
1488.280	-112.533
1492.190	-112.827
1496.090	-112.863
1500.000	-113.151
1503.910	-112.816
1507.810	-113.045
1511.720	-112.922
1515.630	-113.098
1519.530	-112.686
1523.440	-112.939
1527.340	-112.792
1531.250	-113.086
1535.160	-113.451
1539.060	-113.292
1542.970	-113.121
1546.880	-112.898
1550.780	-113.045
1554.690	-113.315
1558.590	-113.333
