0.000	-37.088
0.244	-40.427
0.488	-51.193
0.732	-72.688
0.977	-87.728
1.221	-88.633
1.465	-89.186
1.709	-89.404
1.953	-90.162
2.197	-90.009
2.441	-89.562
2.686	-89.592
2.930	-89.892
3.174	-90.238
3.418	-90.250
3.662	-90.315
3.906	-90.679
4.150	-90.891
4.395	-91.344
4.639	-91.991
4.883	-92.143
5.127	-92.379
5.371	-92.655
5.615	-92.843
5.859	-93.213
6.104	-93.413
6.348	-94.319
6.592	-95.436
6.836	-96.324
7.080	-96.959
7.324	-96.694
7.568	-96.594
7.812	-97.182
8.057	-98.270
8.301	-98.770
8.545	-98.581
8.789	-99.064
9.033	-100.087
9.277	-100.916
9.521	-101.551
9.766	-102.368
10.010	-103.626
10.254	-105.572
10.498	-107.160
10.742	-107.836
10.986	-107.459
11.230	-108.294
11.475	-109.823
11.719	-111.569
11.963	-110.999
12.207	-109.553
12.451	-107.107
12.695	-105.725
12.940	-105.907
13.184	-106.278
13.428	-106.713
13.672	-105.890
13.916	-104.385
14.160	-104.778
14.404	-105.025
14.648	-104.279
14.893	-104.596
15.137	-104.767
15.381	-104.290
15.625	-103.085
15.869	-102.650
16.113	-103.267
16.357	-103.491
16.602	-103.167
16.846	-102.956
17.090	-102.862
17.334	-103.062
17.578	-103.267
17.822	-103.320
18.066	-103.561
18.311	-103.579
18.555	-103.732
18.799	-104.408
19.043	-104.884
19.287	-105.355
19.531	-105.901
19.775	-105.325
20.020	-105.119
20.264	-105.890
20.508	-107.330
20.752	-108.365
20.996	-109.788
21.240	-109.905
21.484	-108.718
21.729	-107.836
21.973	-109.558
22.217	-110.282
22.461	-109.429
22.705	-110.364
22.949	-110.482
23.193	-109.952
23.437	-110.076
23.682	-109.994
23.926	-110.017
24.170	-109.076
24.414	-108.518
24.658	-110.529
24.902	-111.399
25.146	-112.234
25.391	-110.922
25.635	-111.240
25.879	-112.533
26.123	-112.081
26.367	-111.299
26.611	-109.406
26.855	-109.029
27.100	-110.288
27.344	-111.228
27.588	-109.752
27.832	-109.494
28.076	-109.417
28.320	-108.294
28.564	-108.247
28.809	-109.176
29.053	-110.305
29.297	-110.552
29.541	-110.499
29.785	-109.653
30.029	-109.770
30.273	-109.394
30.518	-110.188
30.762	-111.081
31.006	-110.587
31.250	-109.970
31.494	-109.858
31.738	-109.988
31.982	-109.511
32.227	-109.535
32.471	-110.293
32.715	-111.946
32.959	-112.398
33.203	-112.298
33.447	-112.780
33.691	-112.675
33.935	-112.251
34.180	-111.910
34.424	-110.846
34.668	-111.128
34.912	-111.305
35.156	-111.910
35.400	-113.509
35.645	-111.452
35.889	-110.776
36.133	-114.391
36.377	-114.103
36.621	-111.140
36.865	-110.823
37.109	-112.769
37.353	-111.399
37.598	-111.334
37.842	-114.227
38.086	-114.391
38.330	-113.709
38.574	-112.251
38.818	-111.934
39.062	-113.621
39.307	-112.827
39.551	-112.498
39.795	-114.391
40.039	-114.056
40.283	-113.651
40.527	-113.962
40.772	-111.840
41.016	-112.910
41.260	-113.609
41.504	-110.834
41.748	-110.435
41.992	-111.316
42.236	-113.098
42.480	-114.391
42.725	-114.391
42.969	-114.391
43.213	-111.775
43.457	-111.105
43.701	-111.199
43.945	-111.081
44.190	-113.868
44.434	-114.391
44.678	-113.315
44.922	-112.457
45.166	-112.745
45.410	-113.827
45.654	-113.151
45.898	-111.146
46.143	-111.675
46.387	-113.251
46.631	-114.391
46.875	-114.391
47.119	-112.733
47.363	-113.492
47.607	-114.309
47.852	-111.587
48.096	-110.958
48.340	-112.287
48.584	-113.374
48.828	-113.086
49.072	-110.987
49.316	-112.792
49.560	-113.856
49.805	-110.464
50.049	-110.464
50.293	-111.281
50.537	-112.339
50.781	-114.391
51.025	-112.722
51.270	-111.481
51.514	-112.110
51.758	-111.622
52.002	-112.110
52.246	-113.680
52.490	-114.391
52.734	-114.344
52.978	-113.739
53.223	-114.391
53.467	-114.391
53.711	-112.839
53.955	-112.498
54.199	-113.033
54.443	-114.180
54.687	-114.391
54.932	-114.391
55.176	-113.292
55.420	-111.505
55.664	-111.622
55.908	-112.051
56.152	-112.381
56.397	-111.463
56.641	-110.493
56.885	-110.846
57.129	-111.363
57.373	-111.587
57.617	-110.858
57.861	-112.434
58.105	-111.193
58.350	-110.634
58.594	-111.446
58.838	-110.770
59.082	-110.270
59.326	-106.924
59.570	-90.080
59.815	-80.349
60.059	-77.786
60.303	-81.895
60.547	-93.313
60.791	-105.361
61.035	-107.113
61.279	-109.235
61.523	-110.534
61.768	-109.988
62.012	-110.023
62.256	-110.440
62.500	-110.940
62.744	-110.964
62.988	-110.364
63.232	-111.164
63.477	-111.693
63.721	-112.234
63.965	-113.151
64.209	-110.987
64.453	-110.746
64.697	-112.298
64.941	-113.098
65.186	-112.622
65.430	-111.346
65.674	-111.552
65.918	-113.398
66.162	-113.110
66.406	-111.305
66.650	-110.834
66.894	-111.299
67.139	-114.150
67.383	-114.391
67.627	-114.391
67.871	-113.163
68.115	-112.963
68.359	-114.391
68.603	-113.692
68.848	-112.769
69.092	-113.086
69.336	-114.391
69.580	-114.391
69.824	-114.056
70.068	-113.251
70.312	-114.209
70.557	-114.391
70.801	-114.391
71.045	-112.275
71.289	-112.392
71.533	-112.575
71.777	-111.193
72.022	-111.963
72.266	-112.998
72.510	-113.045
72.754	-114.356
72.998	-113.633
73.242	-112.486
73.486	-113.521
73.731	-114.327
73.975	-114.391
74.219	-114.391
74.463	-112.357
74.707	-112.081
74.951	-114.391
75.195	-114.391
75.439	-114.391
75.684	-113.933
75.928	-114.391
76.172	-114.391
76.416	-114.391
76.660	-112.733
76.904	-112.369
77.148	-111.663
77.393	-111.804
77.637	-112.275
77.881	-112.222
78.125	-112.757
78.369	-113.839
78.613	-112.251
78.857	-112.192
79.102	-111.710
79.346	-111.640
79.590	-112.910
79.834	-112.645
80.078	-112.498
80.322	-113.962
80.566	-114.391
80.811	-114.391
81.055	-114.391
81.299	-114.391
81.543	-114.391
81.787	-114.391
82.031	-114.391
82.275	-114.391
82.519	-111.516
82.764	-111.199
83.008	-112.275
83.252	-114.162
83.496	-113.539
83.740	-112.551
83.984	-110.952
84.228	-110.934
84.473	-111.663
84.717	-112.222
84.961	-112.263
85.205	-112.710
85.449	-114.391
85.693	-114.391
85.937	-114.391
86.182	-114.391
86.426	-113.010
86.670	-111.704
86.914	-112.410
87.158	-111.810
87.402	-112.645
87.647	-112.645
87.891	-112.686
88.135	-112.722
88.379	-112.422
88.623	-113.798
88.867	-113.780
89.111	-114.391
89.356	-114.391
89.600	-114.391
89.844	-114.391
90.088	-113.468
90.332	-112.986
90.576	-114.391
90.820	-114.391
91.064	-112.686
91.309	-112.245
91.553	-112.722
91.797	-113.945
92.041	-114.309
92.285	-113.798
92.529	-113.609
92.773	-114.391
93.018	-114.391
93.262	-112.251
93.506	-114.115
93.750	-114.391
93.994	-112.863
94.238	-113.721
94.482	-113.992
94.727	-113.439
94.971	-114.391
95.215	-114.391
95.459	-114.391
95.703	-113.768
95.947	-113.509
96.191	-113.480
96.436	-113.410
96.680	-114.391
96.924	-114.391
97.168	-114.391
97.412	-113.933
