x	y
0.000	-35.324
0.244	-38.669
0.488	-49.441
0.732	-70.971
0.977	-89.274
1.221	-90.297
1.465	-91.326
1.709	-93.890
1.953	-96.800
2.197	-96.959
2.441	-97.464
2.686	-98.423
2.930	-97.582
3.174	-98.217
3.418	-98.205
3.662	-97.194
3.906	-97.899
4.150	-99.081
4.395	-100.569
4.639	-101.262
4.883	-99.775
5.127	-98.352
5.371	-99.634
5.615	-102.403
5.859	-104.320
6.104	-102.979
6.348	-101.527
6.592	-102.491
6.836	-104.243
7.080	-103.126
7.324	-101.886
7.568	-102.768
7.812	-105.178
8.057	-105.560
8.301	-103.967
8.545	-102.627
8.789	-103.226
9.033	-104.661
9.277	-105.072
9.521	-105.319
9.766	-105.578
10.010	-105.149
10.254	-106.207
10.498	-107.207
10.742	-107.248
10.986	-107.507
11.230	-109.123
11.475	-108.871
11.719	-105.972
11.963	-104.825
12.207	-104.784
12.451	-105.654
12.695	-105.925
12.940	-105.966
13.184	-107.019
13.428	-107.224
13.672	-108.553
13.916	-109.012
14.160	-109.500
14.404	-108.665
14.648	-107.559
14.893	-107.736
15.137	-107.777
15.381	-106.748
15.625	-105.854
15.869	-106.307
16.113	-107.936
16.357	-107.606
16.602	-106.225
16.846	-106.836
17.090	-107.642
17.334	-109.341
17.578	-109.594
17.822	-109.958
18.066	-109.558
18.311	-109.664
18.555	-109.576
18.799	-108.224
19.043	-107.683
19.287	-108.800
19.531	-109.259
19.775	-109.676
20.020	-107.348
20.264	-106.489
20.508	-108.265
20.752	-109.811
20.996	-109.929
21.240	-111.046
21.484	-109.464
21.729	-108.694
21.973	-107.889
22.217	-108.941
22.461	-112.134
22.705	-112.986
22.949	-110.787
23.193	-109.547
23.437	-108.494
23.682	-108.900
23.926	-109.176
24.170	-109.041
24.414	-110.305
24.658	-109.988
24.902	-108.635
25.146	-109.994
25.391	-111.463
25.635	-111.975
25.879	-110.834
26.123	-109.882
26.367	-110.799
26.611	-111.869
26.855	-110.170
27.100	-109.541
27.344	-109.564
27.588	-109.459
27.832	-109.752
28.076	-109.917
28.320	-109.964
28.564	-108.753
28.809	-109.300
29.053	-108.900
29.297	-108.906
29.541	-110.805
29.785	-108.941
30.029	-109.653
30.273	-110.211
30.518	-110.011
30.762	-109.735
31.006	-111.399
31.250	-113.133
31.494	-111.199
31.738	-110.193
31.982	-110.329
32.227	-109.741
32.471	-109.976
32.715	-110.088
32.959	-110.135
33.203	-109.929
33.447	-110.323
33.691	-112.134
33.935	-111.452
34.180	-111.058
34.424	-111.269
34.668	-111.211
34.912	-110.770
35.156	-110.070
35.400	-111.340
35.645	-112.816
35.889	-112.886
36.133	-110.270
36.377	-109.435
36.621	-110.599
36.865	-111.081
37.109	-110.099
37.353	-111.628
37.598	-113.933
37.842	-113.045
38.086	-111.193
38.330	-111.258
38.574	-112.287
38.818	-111.169
39.062	-110.958
39.307	-112.575
39.551	-114.391
39.795	-114.009
40.039	-111.993
40.283	-110.482
40.527	-111.499
40.772	-111.710
41.016	-112.275
41.260	-112.910
41.504	-112.110
41.748	-110.158
41.992	-109.288
42.236	-110.676
42.480	-112.951
42.725	-112.974
42.969	-113.992
43.213	-112.816
43.457	-111.993
43.701	-111.128
43.945	-112.498
44.190	-111.963
44.434	-111.293
44.678	-111.164
44.922	-111.704
45.166	-113.427
45.410	-112.475
45.654	-111.152
45.898	-109.970
46.143	-111.081
46.387	-111.416
46.631	-110.605
46.875	-110.493
47.119	-112.287
47.363	-111.534
47.607	-110.141
47.852	-109.982
48.096	-111.187
48.340	-111.957
48.584	-113.386
48.828	-112.851
49.072	-112.622
49.316	-113.633
49.560	-112.381
49.805	-112.598
50.049	-113.692
50.293	-112.851
50.537	-111.769
50.781	-110.570
51.025	-109.952
51.270	-110.987
51.514	-111.810
51.758	-111.575
52.002	-110.029
52.246	-110.176
52.490	-111.898
52.734	-113.227
52.978	-113.198
53.223	-111.881
53.467	-112.192
53.711	-112.804
53.955	-112.633
54.199	-112.910
54.443	-114.391
54.687	-114.391
54.932	-113.098
55.176	-111.516
55.420	-112.733
55.664	-111.622
55.908	-111.910
56.152	-113.021
56.397	-112.110
56.641	-111.557
56.885	-110.964
57.129	-112.457
57.373	-114.391
57.617	-114.391
57.861	-112.486
58.105	-111.052
58.350	-110.117
58.594	-110.082
58.838	-111.769
59.082	-113.198
59.326	-99.334
59.570	-82.748
59.815	-74.869
60.059	-73.940
60.303	-79.785
60.547	-93.654
60.791	-109.852
61.035	-110.975
61.279	-110.728
61.523	-111.293
61.768	-112.951
62.012	-112.475
62.256	-111.299
62.500	-112.710
62.744	-111.898
62.988	-111.934
63.232	-113.539
63.477	-112.140
63.721	-112.575
63.965	-113.809
64.209	-111.898
64.453	-112.486
64.697	-114.039
64.941	-113.063
65.186	-113.098
65.430	-112.045
65.674	-111.399
65.918	-112.792
66.162	-113.468
66.406	-112.698
66.650	-113.451
66.894	-113.304
67.139	-112.410
67.383	-112.598
67.627	-112.298
67.871	-112.398
68.115	-112.827
68.359	-113.621
68.603	-114.103
68.848	-114.391
69.092	-114.391
69.336	-112.181
69.580	-111.199
69.824	-112.175
70.068	-113.451
70.312	-114.244
70.557	-113.480
70.801	-113.227
71.045	-112.081
71.289	-113.063
71.533	-113.439
71.777	-110.117
72.022	-109.988
72.266	-111.005
72.510	-111.269
72.754	-113.580
72.998	-113.651
73.242	-110.546
73.486	-111.293
73.731	-113.592
73.975	-112.610
74.219	-113.992
74.463	-113.709
74.707	-112.551
74.951	-112.633
75.195	-113.886
75.439	-114.391
75.684	-114.391
75.928	-114.021
76.172	-112.816
76.416	-111.946
76.660	-112.422
76.904	-111.622
77.148	-111.022
77.393	-111.946
77.637	-111.469
77.881	-111.993
78.125	-114.068
78.369	-112.804
78.613	-111.946
78.857	-111.898
79.102	-114.391
79.346	-114.391
79.590	-112.939
79.834	-111.487
80.078	-113.480
80.322	-113.739
80.566	-114.391
80.811	-114.391
81.055	-112.657
81.299	-110.987
81.543	-111.993
81.787	-114.209
82.031	-114.009
82.275	-113.133
82.519	-114.391
82.764	-114.391
83.008	-114.391
83.252	-112.851
83.496	-111.934
83.740	-112.610
83.984	-113.592
84.228	-113.992
84.473	-114.391
84.717	-111.399
84.961	-110.117
85.205	-112.081
85.449	-114.391
85.693	-114.391
85.937	-114.391
86.182	-114.103
86.426	-114.391
86.670	-114.391
86.914	-113.280
87.158	-111.575
87.402	-109.682
87.647	-109.517
87.891	-110.999
88.135	-112.234
88.379	-113.898
88.623	-114.391
88.867	-114.391
89.111	-114.391
89.356	-114.391
89.600	-114.391
89.844	-114.391
90.088	-114.391
90.332	-114.391
90.576	-114.391
90.820	-114.391
91.064	-114.391
91.309	-114.391
91.553	-111.446
91.797	-110.435
92.041	-110.041
92.285	-111.275
92.529	-112.586
92.773	-114.391
93.018	-114.391
93.262	-114.391
93.506	-114.391
93.750	-114.391
93.994	-112.475
94.238	-111.934
94.482	-112.381
94.727	-114.391
94.971	-113.539
95.215	-112.398
95.459	-113.539
95.703	-114.391
95.947	-114.391
96.191	-114.391
96.436	-114.391
96.680	-114.391
96.924	-114.391
97.168	-113.333
97.412	-111.605
