x	y
0.000	-35.694
0.488	-39.034
0.977	-49.799
1.465	-71.377
1.953	-90.127
2.441	-92.549
2.930	-94.131
3.418	-94.013
3.906	-93.790
4.395	-94.983
4.883	-97.511
5.371	-98.240
5.859	-96.900
6.348	-96.206
6.836	-97.282
7.324	-99.381
7.812	-100.645
8.301	-100.992
8.789	-100.310
9.277	-100.028
9.766	-101.645
10.254	-102.168
10.742	-101.051
11.230	-100.980
11.719	-100.686
12.207	-100.263
12.695	-100.921
13.184	-101.574
13.672	-102.809
14.160	-104.961
14.648	-105.807
15.137	-105.772
15.625	-104.743
16.113	-103.697
16.602	-103.679
17.090	-104.261
17.578	-104.573
18.066	-105.131
18.555	-104.861
19.043	-103.314
19.531	-103.614
20.020	-103.702
20.508	-102.909
20.996	-102.080
21.484	-103.267
21.973	-105.537
22.461	-107.230
22.949	-107.354
23.437	-104.967
23.926	-102.233
24.414	-100.486
24.902	-100.351
25.391	-100.569
25.879	-100.445
26.367	-103.203
26.855	-105.743
27.344	-106.037
27.832	-104.902
28.320	-102.562
28.809	-102.897
29.297	-104.678
29.785	-104.308
30.273	-104.091
30.762	-102.574
31.250	-101.292
31.738	-101.509
32.227	-102.144
32.715	-102.968
33.203	-103.979
33.691	-103.132
34.180	-101.345
34.668	-101.897
35.156	-103.285
35.645	-104.514
36.133	-104.943
36.621	-105.337
37.109	-106.719
37.598	-107.207
38.086	-106.725
38.574	-106.454
39.062	-106.342
39.551	-106.460
40.039	-106.795
40.527	-105.890
41.016	-104.479
41.504	-102.715
41.992	-102.944
42.480	-104.091
42.969	-102.921
43.457	-103.497
43.945	-105.390
44.434	-104.531
44.922	-104.573
45.410	-106.419
45.898	-106.113
46.387	-102.615
46.875	-101.509
47.363	-104.461
47.852	-108.006
48.340	-106.442
48.828	-101.662
49.316	-98.276
49.805	-98.958
50.293	-101.986
50.781	-101.874
51.270	-101.286
51.758	-101.709
52.246	-100.298
52.734	-100.081
53.223	-100.075
53.711	-97.647
54.199	-95.718
54.687	-94.583
55.176	-95.753
55.664	-96.283
56.152	-94.807
56.641	-93.796
57.129	-94.354
57.617	-96.500
58.105	-95.407
58.594	-90.280
59.082	-75.069
59.570	-65.033
60.059	-62.187
60.547	-65.997
61.035	-77.198
61.523	-94.013
62.012	-98.340
62.500	-95.265
62.988	-93.019
63.477	-93.801
63.965	-96.271
64.453	-97.212
64.941	-97.176
65.430	-97.276
65.918	-97.517
66.406	-98.505
66.894	-101.633
67.383	-102.233
67.871	-102.991
68.359	-104.914
68.848	-104.432
69.336	-103.508
69.824	-103.791
70.312	-101.327
70.801	-100.163
71.289	-101.939
71.777	-104.778
72.266	-106.889
72.754	-107.260
73.242	-106.237
73.731	-104.961
74.219	-104.437
74.707	-105.784
75.195	-105.255
75.684	-103.967
76.172	-103.267
76.660	-103.373
77.148	-104.643
77.637	-107.595
78.125	-107.630
78.613	-105.678
79.102	-104.255
79.590	-104.714
80.078	-106.866
80.566	-107.312
81.055	-107.783
81.543	-108.506
82.031	-108.212
82.519	-109.441
83.008	-111.117
83.496	-109.723
83.984	-109.035
84.473	-107.806
84.961	-106.636
85.449	-106.748
85.937	-106.019
86.426	-106.101
86.914	-107.842
87.402	-107.889
87.891	-107.160
88.379	-105.702
88.867	-104.373
89.356	-105.754
89.844	-107.589
90.332	-107.630
90.820	-109.429
91.309	-109.400
91.797	-107.800
92.285	-108.189
92.773	-108.312
93.262	-108.888
93.750	-109.605
94.238	-109.517
94.727	-106.801
95.215	-105.531
95.703	-106.642
96.191	-108.430
96.680	-109.047
97.168	-109.506
97.656	-109.964
98.144	-110.111
98.633	-109.076
99.121	-108.330
99.609	-109.047
100.098	-109.547
100.586	-110.417
101.074	-110.070
101.563	-109.406
102.051	-108.312
102.539	-106.766
103.027	-107.777
103.516	-109.770
104.004	-110.599
104.492	-110.570
104.980	-110.482
105.469	-111.728
105.957	-111.481
106.445	-109.852
106.934	-108.923
107.422	-110.364
107.910	-112.510
108.398	-112.434
108.887	-112.251
109.375	-112.104
109.863	-111.916
110.352	-111.887
110.840	-109.988
111.328	-108.871
111.816	-109.676
112.305	-111.722
112.793	-112.192
113.281	-111.575
113.770	-109.470
114.258	-109.159
114.746	-110.146
115.234	-111.481
115.723	-111.416
116.211	-110.599
116.699	-109.705
117.188	-107.930
117.676	-107.448
118.164	-108.341
118.652	-107.877
119.141	-97.100
119.629	-87.834
120.117	-85.511
120.605	-89.803
121.094	-101.133
121.582	-109.653
122.070	-109.276
122.559	-109.035
123.047	-109.729
123.535	-111.704
124.023	-111.216
124.512	-110.423
125.000	-109.582
125.488	-109.217
125.977	-109.858
126.465	-110.158
126.953	-111.557
127.441	-111.675
127.930	-110.493
128.418	-110.605
128.906	-111.105
129.395	-112.575
129.883	-113.074
130.371	-112.898
130.859	-112.974
131.348	-113.915
131.836	-114.086
132.324	-113.033
132.813	-112.710
133.301	-112.757
133.789	-113.768
134.277	-114.244
134.766	-113.609
135.254	-113.280
135.742	-112.586
136.230	-112.463
136.719	-111.446
137.207	-111.099
137.695	-112.222
138.184	-111.416
138.672	-110.105
139.160	-111.169
139.648	-111.963
140.137	-111.269
140.625	-111.534
141.113	-112.863
141.602	-113.074
142.090	-112.328
142.578	-111.851
143.066	-112.275
143.555	-111.605
144.043	-110.881
144.531	-111.428
145.020	-113.480
145.508	-111.164
145.996	-110.922
146.484	-111.610
146.973	-112.663
147.461	-113.839
147.949	-114.391
148.438	-112.839
148.926	-112.134
149.414	-112.769
149.902	-113.809
150.391	-112.633
150.879	-110.605
151.367	-110.887
151.855	-112.563
152.344	-112.422
152.832	-111.011
153.320	-111.928
153.809	-113.063
154.297	-113.086
154.785	-113.033
155.273	-111.481
155.762	-110.711
156.250	-111.187
156.738	-111.122
157.227	-110.305
157.715	-110.364
158.203	-112.657
158.691	-114.291
159.180	-112.910
159.668	-111.481
160.156	-113.021
160.645	-111.916
161.133	-113.198
161.621	-112.104
162.109	-110.158
162.598	-110.158
163.086	-111.928
163.574	-113.562
164.063	-114.391
164.551	-114.391
165.039	-114.309
165.527	-112.610
166.016	-111.416
166.504	-110.740
166.992	-111.169
167.480	-111.105
167.969	-111.228
168.457	-111.822
168.945	-110.211
169.434	-110.099
169.922	-111.105
170.410	-111.740
170.898	-112.974
171.387	-113.451
171.875	-113.492
172.363	-113.186
172.852	-112.551
173.340	-113.280
173.828	-113.886
174.316	-113.780
174.805	-112.951
175.293	-113.780
175.781	-113.721
176.270	-112.192
176.758	-112.134
177.246	-114.391
177.734	-114.391
178.223	-114.391
178.711	-113.163
179.199	-109.941
179.688	-104.631
180.176	-102.979
180.664	-106.830
181.152	-111.234
181.641	-113.045
182.129	-113.333
182.617	-111.928
183.105	-110.476
183.594	-111.857
184.082	-113.509
184.570	-112.498
185.059	-112.974
185.547	-113.856
186.035	-112.522
186.523	-112.851
187.012	-113.868
187.500	-113.304
187.988	-112.563
188.477	-112.486
188.965	-113.839
189.453	-114.244
189.941	-113.216
190.430	-112.287
190.918	-111.164
191.406	-112.016
191.895	-112.886
192.383	-112.645
192.871	-112.175
193.359	-112.181
193.848	-111.710
194.336	-113.551
194.824	-113.580
