x	y
0.000	-35.553
0.244	-38.893
0.488	-49.652
0.732	-70.889
0.977	-79.938
1.221	-80.332
1.465	-82.119
1.709	-84.653
1.953	-85.811
2.197	-84.900
2.441	-84.124
2.686	-85.035
2.930	-86.999
3.174	-88.351
3.418	-89.039
3.662	-89.786
3.906	-90.738
4.150	-91.103
4.395	-90.856
4.639	-91.467
4.883	-92.902
5.127	-93.014
5.371	-92.949
5.615	-93.431
5.859	-92.867
6.104	-91.626
6.348	-91.943
6.592	-94.319
6.836	-96.418
7.080	-96.671
7.324	-96.688
7.568	-98.387
7.812	-99.928
8.057	-100.351
8.301	-101.280
8.545	-102.709
8.789	-103.461
9.033	-102.415
9.277	-100.639
9.521	-99.481
9.766	-99.164
10.010	-99.587
10.254	-99.252
10.498	-98.546
10.742	-98.458
10.986	-98.346
11.230	-97.382
11.475	-96.471
11.719	-97.523
11.963	-98.252
12.207	-97.764
12.451	-98.534
12.695	-99.951
12.940	-100.851
13.184	-101.298
13.428	-102.256
13.672	-103.614
13.916	-105.402
14.160	-105.972
14.404	-104.355
14.648	-102.509
14.893	-102.256
15.137	-102.950
15.381	-103.009
15.625	-103.508
15.869	-105.801
16.113	-105.343
16.357	-104.931
16.602	-104.731
16.846	-103.685
17.090	-103.920
17.334	-106.025
17.578	-105.990
17.822	-106.019
18.066	-106.142
18.311	-106.613
18.555	-109.594
18.799	-111.022
19.043	-109.529
19.287	-108.729
19.531	-108.336
19.775	-106.895
20.020	-106.137
20.264	-106.660
20.508	-108.136
20.752	-108.835
20.996	-108.230
21.240	-107.789
21.484	-108.383
21.729	-108.594
21.973	-109.012
22.217	-108.794
22.461	-106.213
22.705	-106.225
22.949	-106.595
23.193	-106.854
23.437	-108.383
23.682	-109.764
23.926	-109.459
24.170	-108.024
24.414	-108.336
24.658	-109.664
24.902	-109.688
25.146	-109.394
25.391	-108.524
25.635	-108.671
25.879	-108.118
26.123	-108.559
26.367	-108.788
26.611	-110.387
26.855	-107.824
27.100	-106.190
27.344	-107.595
27.588	-108.271
27.832	-106.389
28.076	-105.355
28.320	-106.007
28.564	-107.559
28.809	-109.882
29.053	-111.346
29.297	-111.540
29.541	-110.323
29.785	-109.782
30.029	-110.376
30.273	-111.487
30.518	-110.634
30.762	-109.682
31.006	-109.453
31.250	-109.500
31.494	-109.429
31.738	-110.435
31.982	-109.870
32.227	-109.958
32.471	-111.898
32.715	-113.280
32.959	-111.898
33.203	-110.505
33.447	-111.316
33.691	-110.770
33.935	-109.635
34.180	-109.235
34.424	-111.093
34.668	-110.323
34.912	-109.970
35.156	-109.270
35.400	-109.817
35.645	-108.183
35.889	-108.400
36.133	-110.305
36.377	-111.052
36.621	-110.699
36.865	-110.681
37.109	-110.088
37.353	-111.199
37.598	-112.204
37.842	-110.964
38.086	-110.088
38.330	-110.576
38.574	-110.828
38.818	-112.134
39.062	-110.534
39.307	-109.459
39.551	-110.817
39.795	-111.128
40.039	-111.793
40.283	-112.780
40.527	-112.792
40.772	-111.240
41.016	-110.288
41.260	-112.034
41.504	-111.946
41.748	-110.576
41.992	-110.875
42.236	-110.399
42.480	-111.334
42.725	-112.316
42.969	-109.982
43.213	-108.771
43.457	-108.594
43.701	-109.723
43.945	-111.269
44.190	-112.792
44.434	-113.133
44.678	-112.287
44.922	-111.540
45.166	-111.293
45.410	-111.693
45.654	-110.881
45.898	-110.517
46.143	-110.340
46.387	-109.459
46.631	-109.553
46.875	-110.570
47.119	-109.976
47.363	-110.170
47.607	-109.805
47.852	-110.740
48.096	-113.427
48.340	-113.798
48.584	-112.245
48.828	-111.787
49.072	-111.293
49.316	-111.628
49.560	-111.728
49.805	-111.299
50.049	-110.793
50.293	-111.346
50.537	-113.633
50.781	-113.239
51.025	-111.199
51.270	-110.135
51.514	-110.799
51.758	-113.709
52.002	-114.391
52.246	-112.757
52.490	-111.704
52.734	-109.294
52.978	-110.152
53.223	-110.323
53.467	-111.199
53.711	-111.822
53.955	-112.357
54.199	-111.640
54.443	-111.410
54.687	-112.986
54.932	-112.804
55.176	-112.245
55.420	-112.163
55.664	-111.851
55.908	-110.470
56.152	-109.165
56.397	-108.847
56.641	-109.411
56.885	-110.440
57.129	-110.793
57.373	-109.905
57.617	-108.406
57.861	-107.942
58.105	-107.242
58.350	-106.866
58.594	-106.760
58.838	-108.324
59.082	-109.088
59.326	-101.415
59.570	-86.952
59.815	-78.815
60.059	-77.515
60.303	-82.883
60.547	-95.459
60.791	-105.231
61.035	-107.360
61.279	-107.136
61.523	-106.336
61.768	-105.907
62.012	-106.719
62.256	-108.130
62.500	-108.694
62.744	-110.852
62.988	-110.887
63.232	-110.382
63.477	-110.064
63.721	-108.694
63.965	-108.130
64.209	-109.564
64.453	-110.493
64.697	-110.476
64.941	-110.058
65.186	-110.335
65.430	-109.935
65.674	-110.023
65.918	-110.517
66.162	-110.870
66.406	-112.498
66.650	-112.863
66.894	-113.174
67.139	-114.391
67.383	-113.651
67.627	-111.740
67.871	-112.140
68.115	-112.827
68.359	-111.769
68.603	-111.117
68.848	-111.093
69.092	-110.240
69.336	-110.711
69.580	-110.505
69.824	-112.675
70.068	-112.522
70.312	-113.345
70.557	-114.344
70.801	-112.245
71.045	-111.469
71.289	-113.562
71.533	-114.391
71.777	-112.134
72.022	-110.805
72.266	-111.587
72.510	-110.599
72.754	-112.134
72.998	-113.609
73.242	-114.391
73.486	-114.391
73.731	-114.391
73.975	-114.391
74.219	-112.563
74.463	-112.780
74.707	-114.391
74.951	-114.391
75.195	-114.391
75.439	-113.721
75.684	-114.280
75.928	-114.391
76.172	-114.391
76.416	-114.391
76.660	-113.751
76.904	-114.391
77.148	-114.391
77.393	-114.262
77.637	-112.339
77.881	-112.022
78.125	-111.275
78.369	-112.974
78.613	-113.304
78.857	-111.028
79.102	-110.999
79.346	-113.609
79.590	-114.391
79.834	-114.391
80.078	-114.391
80.322	-114.391
80.566	-114.391
80.811	-114.068
81.055	-113.592
81.299	-113.580
81.543	-112.175
81.787	-113.133
82.031	-114.391
82.275	-114.068
82.519	-111.887
82.764	-111.928
83.008	-114.262
83.252	-112.804
83.496	-110.881
83.740	-111.610
83.984	-111.851
84.228	-110.235
84.473	-109.835
84.717	-111.557
84.961	-113.427
85.205	-111.657
85.449	-111.505
85.693	-112.398
85.937	-113.174
86.182	-113.621
86.426	-112.563
86.670	-112.051
86.914	-112.769
87.158	-112.622
87.402	-113.692
87.647	-114.391
87.891	-112.722
88.135	-112.122
88.379	-113.045
88.623	-112.075
88.867	-112.287
89.111	-111.975
89.356	-110.611
89.600	-110.540
89.844	-110.899
90.088	-112.804
90.332	-114.391
90.576	-114.391
90.820	-114.115
91.064	-114.391
91.309	-114.162
91.553	-113.839
91.797	-112.234
92.041	-111.122
92.285	-113.110
92.529	-112.633
92.773	-112.140
93.018	-111.769
93.262	-112.498
93.506	-112.539
93.750	-113.033
93.994	-112.757
94.238	-111.963
94.482	-113.492
94.727	-114.391
94.971	-114.391
95.215	-114.391
95.459	-112.610
95.703	-111.269
95.947	-110.670
96.191	-111.340
96.436	-112.610
96.680	-114.391
96.924	-114.391
97.168	-114.391
97.412	-114.391
