0.000	-35.806
3.906	-39.152
7.812	-49.958
11.719	-71.806
15.625	-99.352
19.531	-101.127
23.437	-112.851
27.344	-108.094
31.250	-103.285
35.156	-103.162
39.062	-104.602
42.969	-107.724
46.875	-103.873
50.781	-96.288
54.687	-83.789
58.594	-78.233
62.500	-79.297
66.406	-87.446
70.312	-103.949
74.219	-110.576
78.125	-110.093
82.031	-111.628
85.937	-108.365
89.844	-109.988
93.750	-109.335
97.656	-105.972
101.563	-102.115
105.469	-105.972
109.375	-108.318
113.281	-105.672
117.188	-101.903
121.094	-99.904
125.000	-106.154
128.906	-111.810
132.813	-114.391
136.719	-113.509
140.625	-110.346
144.531	-114.327
148.438	-114.391
152.344	-113.886
156.250	-110.576
160.156	-105.937
164.063	-105.602
167.969	-107.336
171.875	-114.391
175.781	-111.869
179.688	-107.001
183.594	-106.366
187.500	-106.260
191.406	-106.001
195.313	-108.012
199.219	-112.081
203.125	-114.391
207.031	-113.357
210.938	-109.823
214.844	-107.612
218.750	-108.365
222.656	-109.682
226.563	-109.782
230.469	-114.391
234.375	-114.056
238.281	-112.192
242.188	-111.622
246.094	-114.391
250.000	-111.810
253.906	-114.391
257.813	-114.391
261.719	-114.391
265.625	-112.192
269.531	-109.847
273.438	-110.193
277.344	-113.186
281.250	-110.958
285.156	-108.318
289.063	-108.288
292.969	-110.958
296.875	-114.391
300.781	-113.521
304.688	-110.928
308.594	-114.327
312.500	-114.391
316.406	-112.110
320.313	-114.391
324.219	-114.391
328.125	-114.327
332.031	-114.391
335.938	-114.391
339.844	-114.391
343.750	-114.391
347.656	-114.391
351.563	-110.746
355.469	-110.346
359.375	-113.468
363.281	-114.391
367.188	-113.468
371.094	-114.391
375.000	-114.391
378.906	-114.391
382.813	-114.391
386.719	-114.391
390.625	-113.163
394.531	-111.628
398.438	-109.782
402.344	-114.327
406.250	-114.391
410.156	-113.163
414.063	-114.391
417.969	-114.391
421.875	-111.622
425.781	-114.391
429.688	-114.391
433.594	-111.810
437.500	-108.288
441.406	-107.848
445.313	-108.083
449.219	-113.521
453.125	-114.391
457.031	-113.868
460.938	-113.198
464.844	-108.871
468.750	-108.541
472.656	-114.391
476.563	-109.682
480.469	-112.898
484.375	-114.391
488.281	-114.391
492.188	-114.391
496.094	-112.457
500.000	-114.391
503.906	-114.391
507.813	-114.391
511.719	-114.391
515.625	-111.240
519.531	-110.346
523.438	-108.171
527.344	-113.427
531.250	-112.792
535.156	-114.391
539.063	-114.391
542.969	-114.391
546.875	-112.192
550.781	-114.391
554.688	-114.391
558.594	-110.958
562.500	-114.391
566.406	-114.391
570.313	-113.509
574.219	-114.391
578.125	-114.391
582.031	-114.391
585.938	-114.391
589.844	-114.391
593.750	-114.391
597.656	-111.869
601.563	-109.012
605.469	-109.529
609.375	-113.468
613.281	-114.391
617.188	-114.391
621.094	-114.391
625.000	-114.391
628.906	-114.391
632.813	-114.391
636.719	-113.468
640.625	-111.869
644.531	-111.046
648.438	-110.276
652.344	-112.410
656.250	-114.391
660.156	-114.391
664.063	-114.244
667.969	-114.391
671.875	-114.391
675.781	-114.391
679.688	-114.391
683.594	-108.800
687.500	-109.206
691.406	-113.163
695.313	-114.391
699.219	-114.327
703.125	-114.391
707.031	-113.521
710.938	-114.391
714.844	-114.391
718.750	-114.391
722.656	-114.391
726.563	-113.886
730.469	-114.391
734.375	-113.809
738.281	-114.391
742.188	-111.622
746.094	-114.391
750.000	-114.391
753.906	-114.391
757.813	-114.391
761.719	-114.391
765.625	-114.391
769.531	-114.391
773.438	-114.391
777.344	-111.446
781.250	-108.635
785.156	-110.517
789.063	-110.176
792.969	-112.898
796.875	-111.305
800.781	-110.746
804.688	-108.559
808.594	-108.136
812.500	-108.418
816.406	-114.244
820.313	-114.391
824.219	-114.391
828.125	-114.391
832.031	-112.081
835.938	-114.391
839.844	-114.391
843.750	-114.391
847.656	-113.868
851.563	-113.856
855.469	-111.657
859.375	-114.391
863.281	-113.357
867.188	-112.610
871.094	-110.728
875.000	-111.381
878.906	-109.347
882.813	-112.710
886.719	-112.110
890.625	-114.391
894.531	-114.391
898.438	-114.391
902.344	-114.391
906.250	-113.163
910.156	-111.093
914.063	-107.166
917.969	-113.427
921.875	-114.391
925.781	-114.391
929.688	-114.391
933.594	-114.391
937.500	-114.391
941.406	-114.391
945.313	-113.868
949.219	-112.022
953.125	-112.792
957.031	-114.391
960.938	-114.391
964.844	-114.391
968.750	-114.391
972.656	-113.468
976.563	-114.391
980.469	-114.056
984.375	-114.391
988.281	-114.391
992.188	-114.391
996.094	-114.391
1000.000	-114.391
1003.910	-114.391
1007.810	-114.391
1011.720	-114.391
1015.630	-113.468
1019.530	-114.327
1023.440	-114.391
1027.340	-114.391
1031.250	-112.998
1035.160	-113.521
1039.060	-114.391
1042.970	-112.110
1046.880	-110.517
1050.780	-108.541
1054.690	-110.493
1058.590	-109.106
1062.500	-109.476
1066.410	-108.635
1070.310	-114.391
1074.220	-114.391
1078.130	-114.391
1082.030	-114.391
1085.940	-114.391
1089.840	-114.391
1093.750	-114.391
1097.660	-112.457
1101.560	-111.240
1105.470	-111.316
1109.380	-111.240
1113.280	-114.391
1117.190	-114.391
1121.090	-114.391
1125.000	-111.810
1128.910	-114.391
1132.810	-114.391
1136.720	-113.509
1140.630	-111.446
1144.530	-114.391
1148.440	-114.391
1152.340	-114.391
1156.250	-113.868
1160.160	-114.391
1164.060	-114.391
1167.970	-112.110
1171.880	-114.391
1175.780	-114.391
1179.690	-114.391
1183.590	-114.391
1187.500	-114.391
1191.410	-112.022
1195.310	-110.017
1199.220	-114.391
1203.130	-114.391
1207.030	-114.391
1210.940	-114.391
1214.840	-113.886
1218.750	-114.391
1222.660	-112.192
1226.560	-110.152
1230.470	-110.746
1234.380	-114.391
1238.280	-114.391
1242.190	-114.391
1246.090	-114.391
1250.000	-113.163
1253.910	-112.710
1257.810	-111.657
1261.720	-114.244
1265.630	-114.391
1269.530	-114.391
1273.440	-114.391
1277.340	-114.391
1281.250	-114.391
1285.160	-114.391
1289.060	-114.391
1292.970	-114.391
1296.880	-113.856
1300.780	-110.858
1304.690	-114.391
1308.590	-114.391
1312.500	-113.509
1316.410	-111.446
1320.310	-110.346
1324.220	-112.898
1328.130	-109.952
1332.030	-114.391
1335.940	-114.391
1339.840	-112.110
1343.750	-111.093
1347.660	-111.657
1351.560	-114.391
1355.470	-114.391
1359.380	-113.468
1363.280	-114.391
1367.190	-114.391
1371.090	-112.851
1375.000	-109.012
1378.910	-109.206
1382.810	-112.851
1386.720	-114.391
1390.630	-114.391
1394.530	-114.391
1398.440	-114.391
1402.340	-113.856
1406.250	-110.623
1410.160	-112.610
1414.060	-110.193
1417.970	-114.391
1421.880	-114.391
1425.780	-114.391
1429.690	-112.851
1433.590	-112.410
1437.500	-114.391
1441.410	-114.391
1445.310	-114.391
1449.220	-114.391
1453.130	-111.240
1457.030	-112.851
1460.940	-114.391
1464.840	-114.391
1468.750	-114.391
1472.660	-114.391
1476.560	-110.958
1480.470	-109.782
1484.380	-114.391
1488.280	-114.391
1492.190	-110.958
1496.090	-113.992
1500.000	-112.998
1503.910	-112.998
1507.810	-114.327
1511.720	-114.391
1515.630	-114.391
1519.530	-114.391
1523.440	-114.391
1527.340	-114.391
1531.250	-113.427
1535.160	-110.623
1539.060	-112.610
1542.970	-114.391
1546.880	-114.391
1550.780	-114.391
1554.690	-113.868
1558.590	-113.521
