x	y
0.000	-36.465
0.244	-39.804
0.488	-50.575
0.732	-72.153
0.977	-91.273
1.221	-95.060
1.465	-94.742
1.709	-95.024
1.953	-96.577
2.197	-97.776
2.441	-98.658
2.686	-99.940
2.930	-100.369
3.174	-99.851
3.418	-99.510
3.662	-100.045
3.906	-99.628
4.150	-99.910
4.395	-102.080
4.639	-103.979
4.883	-104.631
5.127	-104.849
5.371	-103.467
5.615	-102.597
5.859	-102.803
6.104	-103.855
6.348	-104.837
6.592	-105.431
6.836	-105.696
7.080	-105.337
7.324	-104.296
7.568	-104.138
7.812	-105.419
8.057	-106.572
8.301	-107.242
8.545	-107.648
8.789	-107.977
9.033	-107.947
9.277	-107.177
9.521	-106.566
9.766	-106.578
10.010	-106.636
10.254	-105.208
10.498	-104.579
10.742	-105.425
10.986	-106.354
11.230	-105.413
11.475	-105.325
11.719	-106.595
11.963	-106.454
12.207	-106.454
12.451	-107.160
12.695	-107.454
12.940	-106.907
13.184	-107.589
13.428	-109.364
13.672	-108.412
13.916	-108.147
14.160	-108.694
14.404	-108.947
14.648	-109.511
14.893	-109.500
15.137	-109.935
15.381	-110.011
15.625	-110.393
15.869	-111.463
16.113	-111.663
16.357	-110.370
16.602	-109.929
16.846	-109.864
17.090	-109.141
17.334	-108.806
17.578	-109.905
17.822	-109.653
18.066	-109.159
18.311	-109.306
18.555	-109.529
18.799	-109.835
19.043	-109.564
19.287	-110.664
19.531	-111.281
19.775	-108.829
20.020	-109.676
20.264	-110.875
20.508	-110.276
20.752	-109.511
20.996	-108.488
21.240	-107.877
21.484	-106.660
21.729	-107.077
21.973	-109.306
22.217	-109.212
22.461	-109.129
22.705	-110.270
22.949	-112.075
23.193	-114.068
23.437	-112.710
23.682	-111.293
23.926	-111.164
24.170	-110.834
24.414	-111.499
24.658	-110.670
24.902	-110.305
25.146	-111.052
25.391	-112.675
25.635	-112.445
25.879	-111.028
26.123	-110.734
26.367	-109.882
26.611	-110.252
26.855	-111.516
27.100	-109.982
27.344	-109.558
27.588	-110.370
27.832	-110.529
28.076	-110.999
28.320	-111.169
28.564	-108.976
28.809	-108.847
29.053	-110.581
29.297	-110.017
29.541	-110.764
29.785	-112.093
30.029	-111.769
30.273	-111.410
30.518	-111.375
30.762	-110.599
31.006	-109.876
31.250	-110.070
31.494	-110.382
31.738	-108.882
31.982	-109.623
32.227	-110.064
32.471	-111.146
32.715	-109.917
32.959	-110.470
33.203	-110.564
33.447	-109.476
33.691	-109.653
33.935	-113.074
34.180	-111.516
34.424	-110.305
34.668	-110.776
34.912	-112.475
35.156	-112.075
35.400	-110.435
35.645	-110.981
35.889	-110.805
36.133	-109.970
36.377	-110.158
36.621	-110.023
36.865	-109.905
37.109	-112.457
37.353	-114.391
37.598	-113.121
37.842	-110.952
38.086	-111.334
38.330	-111.358
38.574	-111.446
38.818	-111.605
39.062	-109.653
39.307	-109.876
39.551	-112.151
39.795	-111.363
40.039	-111.269
40.283	-111.358
40.527	-111.804
40.772	-112.675
41.016	-112.780
41.260	-113.468
41.504	-113.451
41.748	-114.391
41.992	-114.391
42.236	-113.251
42.480	-112.757
42.725	-111.993
42.969	-111.487
43.213	-111.393
43.457	-110.958
43.701	-112.192
43.945	-113.186
44.190	-113.021
44.434	-112.939
44.678	-114.374
44.922	-112.757
45.166	-112.910
45.410	-114.391
45.654	-114.391
45.898	-114.391
46.143	-113.121
46.387	-112.081
46.631	-113.333
46.875	-113.856
47.119	-112.733
47.363	-112.622
47.607	-110.928
47.852	-109.917
48.096	-110.793
48.340	-112.434
48.584	-112.686
48.828	-114.391
49.072	-114.391
49.316	-113.186
49.560	-109.941
49.805	-111.081
50.049	-112.163
50.293	-111.046
50.537	-111.199
50.781	-111.228
51.025	-113.898
51.270	-111.963
51.514	-110.676
51.758	-110.858
52.002	-111.869
52.246	-112.575
52.490	-113.163
52.734	-113.621
52.978	-114.391
53.223	-114.391
53.467	-113.216
53.711	-112.275
53.955	-110.934
54.199	-110.317
54.443	-111.869
54.687	-112.645
54.932	-113.333
55.176	-114.391
55.420	-114.391
55.664	-114.391
55.908	-112.863
56.152	-112.974
56.397	-111.851
56.641	-112.886
56.885	-112.381
57.129	-110.881
57.373	-110.870
57.617	-110.905
57.861	-110.482
58.105	-110.858
58.350	-109.741
58.594	-108.530
58.838	-109.388
59.082	-110.875
59.326	-102.679
59.570	-87.599
59.815	-79.203
60.059	-77.656
60.303	-82.677
60.547	-94.730
60.791	-106.407
61.035	-110.505
61.279	-111.987
61.523	-114.180
61.768	-113.021
62.012	-114.391
62.256	-114.391
62.500	-112.034
62.744	-112.234
62.988	-114.391
63.232	-114.391
63.477	-114.391
63.721	-111.957
63.965	-110.858
64.209	-111.534
64.453	-111.046
64.697	-112.339
64.941	-114.391
65.186	-113.768
65.430	-112.839
65.674	-113.709
65.918	-113.809
66.162	-113.374
66.406	-114.391
66.650	-113.292
66.894	-111.428
67.139	-111.975
67.383	-113.915
67.627	-113.662
67.871	-112.063
68.115	-112.245
68.359	-114.180
68.603	-114.391
68.848	-113.868
69.092	-114.150
69.336	-113.780
69.580	-113.933
69.824	-114.391
70.068	-114.391
70.312	-112.939
70.557	-111.534
70.801	-112.181
71.045	-112.710
71.289	-114.162
71.533	-112.804
71.777	-111.522
72.022	-112.963
72.266	-112.563
72.510	-112.151
72.754	-113.063
72.998	-113.933
73.242	-113.768
73.486	-113.621
73.731	-114.391
73.975	-112.633
74.219	-112.475
74.463	-112.851
74.707	-112.475
74.951	-114.391
75.195	-114.391
75.439	-111.622
75.684	-111.963
75.928	-113.827
76.172	-114.391
76.416	-114.391
76.660	-114.391
76.904	-114.391
77.148	-114.391
77.393	-114.391
77.637	-114.391
77.881	-114.391
78.125	-114.391
78.369	-114.391
78.613	-114.391
78.857	-114.391
79.102	-114.391
79.346	-111.499
79.590	-110.329
79.834	-111.622
80.078	-114.356
80.322	-114.391
80.566	-114.391
80.811	-114.391
81.055	-114.391
81.299	-114.391
81.543	-114.391
81.787	-114.391
82.031	-114.391
82.275	-114.374
82.519	-113.551
82.764	-114.056
83.008	-114.391
83.252	-114.391
83.496	-113.198
83.740	-112.251
83.984	-113.933
84.228	-114.391
84.473	-114.391
84.717	-114.391
84.961	-111.916
85.205	-112.110
85.449	-114.391
85.693	-114.391
85.937	-114.039
86.182	-113.110
86.426	-113.045
86.670	-113.010
86.914	-113.292
87.158	-114.391
87.402	-114.280
87.647	-111.728
87.891	-111.258
88.135	-112.204
88.379	-114.391
88.623	-114.391
88.867	-114.391
89.111	-113.739
89.356	-113.709
89.600	-113.198
89.844	-113.374
90.088	-113.621
90.332	-113.427
90.576	-111.887
90.820	-111.710
91.064	-112.963
91.309	-114.391
91.553	-114.391
91.797	-114.391
92.041	-114.391
92.285	-114.391
92.529	-114.391
92.773	-114.391
93.018	-112.686
93.262	-112.922
93.506	-114.391
93.750	-114.391
93.994	-113.133
94.238	-113.398
94.482	-114.391
94.727	-113.780
94.971	-111.234
95.215	-111.169
95.459	-114.162
95.703	-114.374
95.947	-114.391
96.191	-112.551
96.436	-113.662
96.680	-114.391
96.924	-113.562
97.168	-114.391
97.412	-114.391
