x	y
0.000	-34.989
0.488	-38.323
0.977	-48.917
1.465	-62.352
1.953	-65.550
2.441	-67.079
2.930	-67.467
3.418	-70.501
3.906	-70.989
4.395	-70.813
4.883	-74.240
5.371	-78.574
5.859	-79.120
6.348	-81.625
6.836	-84.747
7.324	-84.676
7.812	-84.682
8.301	-84.006
8.789	-83.512
9.277	-83.836
9.766	-82.983
10.254	-83.230
10.742	-85.488
11.230	-88.063
11.719	-89.180
12.207	-89.874
12.695	-92.079
13.184	-93.913
13.672	-92.802
14.160	-92.214
14.648	-90.832
15.137	-88.986
15.625	-90.268
16.113	-93.143
16.602	-94.054
17.090	-95.618
17.578	-99.064
18.066	-100.369
18.555	-99.998
19.043	-97.941
19.531	-94.942
20.020	-93.413
20.508	-95.518
20.996	-99.740
21.484	-99.769
21.973	-99.017
22.461	-100.857
22.949	-104.155
23.437	-104.655
23.926	-102.844
24.414	-101.133
24.902	-99.652
25.391	-99.857
25.879	-101.021
26.367	-101.480
26.855	-101.439
27.344	-102.074
27.832	-103.926
28.320	-105.090
28.809	-106.589
29.297	-105.119
29.785	-101.933
30.273	-101.721
30.762	-104.314
31.250	-106.436
31.738	-106.842
32.227	-106.866
32.715	-107.160
33.203	-107.571
33.691	-108.359
34.180	-108.400
34.668	-107.912
35.156	-107.724
35.645	-108.230
36.133	-109.494
36.621	-109.500
37.109	-108.212
37.598	-107.142
38.086	-107.448
38.574	-108.206
39.062	-105.031
39.551	-97.106
40.039	-94.237
40.527	-97.441
41.016	-105.431
41.504	-108.882
41.992	-108.259
42.480	-106.754
42.969	-105.237
43.457	-104.326
43.945	-102.662
44.434	-102.150
44.922	-103.385
45.410	-105.172
45.898	-105.925
46.387	-106.660
46.875	-107.348
47.363	-107.483
47.852	-105.696
48.340	-104.138
48.828	-99.446
49.316	-94.466
49.805	-93.678
50.293	-97.311
50.781	-103.244
51.270	-105.866
51.758	-107.071
52.246	-106.407
52.734	-106.142
53.223	-105.225
53.711	-100.628
54.199	-89.944
54.687	-84.535
55.176	-85.282
55.664	-91.967
56.152	-99.746
56.641	-102.256
57.129	-102.868
57.617	-102.186
58.105	-100.845
58.594	-81.637
59.082	-61.552
59.570	-51.610
60.059	-48.929
60.547	-52.945
61.035	-64.539
61.523	-87.328
62.012	-101.492
62.500	-102.556
62.988	-102.885
63.477	-102.515
63.965	-99.011
64.453	-90.285
64.941	-84.800
65.430	-85.341
65.918	-92.073
66.406	-103.015
66.894	-106.095
67.383	-108.194
67.871	-107.348
68.359	-106.654
68.848	-105.707
69.336	-101.986
69.824	-96.335
70.312	-93.519
70.801	-95.207
71.289	-100.769
71.777	-106.301
72.266	-108.400
72.754	-109.917
73.242	-110.076
73.731	-109.217
74.219	-108.130
74.707	-106.025
75.195	-103.297
75.684	-102.468
76.172	-103.497
76.660	-105.913
77.148	-108.959
77.637	-110.964
78.125	-111.128
78.613	-110.505
79.102	-106.725
79.590	-99.175
80.078	-95.983
80.566	-98.805
81.055	-105.878
81.543	-109.688
82.031	-109.023
82.519	-109.441
83.008	-110.934
83.496	-111.610
83.984	-112.192
84.473	-112.022
84.961	-109.406
85.449	-108.477
85.937	-108.876
86.426	-109.970
86.914	-110.493
87.402	-110.141
87.891	-111.463
88.379	-111.693
88.867	-111.393
89.356	-110.734
89.844	-109.488
90.332	-109.476
90.820	-109.529
91.309	-109.682
91.797	-110.717
92.285	-110.764
92.773	-110.605
93.262	-111.657
93.750	-113.398
94.238	-113.033
94.727	-112.863
95.215	-112.686
95.703	-112.898
96.191	-113.333
96.680	-113.751
97.168	-114.391
97.656	-111.857
98.144	-112.175
98.633	-111.757
99.121	-107.507
99.609	-99.410
100.098	-96.194
100.586	-99.505
101.074	-107.836
101.563	-112.863
102.051	-113.915
102.539	-113.304
103.027	-113.021
103.516	-112.522
104.004	-114.391
104.492	-113.174
104.980	-111.840
105.469	-112.075
105.957	-111.610
106.445	-111.052
106.934	-111.164
107.422	-112.234
107.910	-113.551
108.398	-112.745
108.887	-113.768
109.375	-114.391
109.863	-113.186
110.352	-112.686
110.840	-113.827
111.328	-114.327
111.816	-114.391
112.305	-113.856
112.793	-113.621
113.281	-112.657
113.770	-112.486
114.258	-110.952
114.746	-109.847
115.234	-111.293
115.723	-114.209
116.211	-114.391
116.699	-114.391
117.188	-114.391
117.676	-113.992
118.164	-113.551
118.652	-101.586
119.141	-83.236
119.629	-74.117
120.117	-72.118
120.605	-76.821
121.094	-89.262
121.582	-110.158
122.070	-114.391
122.559	-114.391
123.047	-113.410
123.535	-112.598
124.023	-113.721
124.512	-110.581
125.000	-105.978
125.488	-103.979
125.977	-106.689
126.465	-112.316
126.953	-114.391
127.441	-114.391
127.930	-114.391
128.418	-114.391
128.906	-113.133
129.395	-113.186
129.883	-111.175
130.371	-109.276
130.859	-110.529
131.348	-113.798
131.836	-113.374
132.324	-114.115
132.813	-114.391
133.301	-113.251
133.789	-113.121
134.277	-114.150
134.766	-112.839
135.254	-112.328
135.742	-114.056
136.230	-114.039
136.719	-114.391
137.207	-114.391
137.695	-114.391
138.184	-114.391
138.672	-114.391
139.160	-108.071
139.648	-99.822
140.137	-96.724
140.625	-99.975
141.113	-108.388
141.602	-112.633
142.090	-114.209
142.578	-114.391
143.066	-113.509
143.555	-112.951
144.043	-113.098
144.531	-114.356
145.020	-114.391
145.508	-113.692
145.996	-113.992
146.484	-114.327
146.973	-114.391
147.461	-114.391
147.949	-114.391
148.438	-114.391
148.926	-114.356
149.414	-113.163
149.902	-113.480
150.391	-113.974
150.879	-114.391
151.367	-113.680
151.855	-113.398
152.344	-114.391
152.832	-114.391
153.320	-114.103
153.809	-113.562
154.297	-113.768
154.785	-113.886
155.273	-114.391
155.762	-114.391
156.250	-114.391
156.738	-114.391
157.227	-114.150
157.715	-114.391
158.203	-114.391
158.691	-114.391
159.180	-108.418
159.668	-100.245
160.156	-97.076
160.645	-100.198
161.133	-108.365
161.621	-113.809
162.109	-114.391
162.598	-114.391
163.086	-114.391
163.574	-114.391
164.063	-114.391
164.551	-114.150
165.039	-114.391
165.527	-114.391
166.016	-113.739
166.504	-113.592
166.992	-114.391
167.480	-114.391
167.969	-114.391
168.457	-114.391
168.945	-114.391
169.434	-114.391
169.922	-114.391
170.410	-114.391
170.898	-113.768
171.387	-113.827
171.875	-114.391
172.363	-114.391
172.852	-113.492
173.340	-113.133
173.828	-114.391
174.316	-114.391
174.805	-113.174
175.293	-112.539
175.781	-112.410
176.270	-113.121
176.758	-112.816
177.246	-113.280
177.734	-113.798
178.223	-113.962
178.711	-110.623
179.199	-97.882
179.688	-89.498
180.176	-87.975
180.664	-93.049
181.152	-104.884
181.641	-113.898
182.129	-113.662
182.617	-112.874
183.105	-113.562
183.594	-114.391
184.082	-114.391
184.570	-112.839
185.059	-111.975
185.547	-113.280
186.035	-114.391
186.523	-114.391
187.012	-114.391
187.500	-112.898
187.988	-113.827
188.477	-114.391
188.965	-114.391
189.453	-114.391
189.941	-114.391
190.430	-114.391
190.918	-114.391
191.406	-114.391
191.895	-114.391
192.383	-114.391
192.871	-114.391
193.359	-113.739
193.848	-113.709
194.336	-114.391
194.824	-114.391
