x	y
0.000	-33.584
0.244	-36.923
0.488	-47.694
0.732	-69.208
0.977	-88.310
1.221	-88.821
1.465	-89.903
1.709	-92.937
1.953	-93.578
2.197	-92.749
2.441	-93.114
2.686	-93.590
2.930	-94.666
3.174	-95.412
3.418	-96.100
3.662	-97.553
3.906	-98.164
4.150	-97.235
4.395	-97.682
4.639	-98.940
4.883	-99.334
5.127	-97.541
5.371	-97.082
5.615	-98.364
5.859	-100.363
6.104	-100.816
6.348	-100.334
6.592	-101.492
6.836	-102.879
7.080	-103.126
7.324	-103.620
7.568	-103.232
7.812	-101.750
8.057	-101.345
8.301	-100.563
8.545	-100.580
8.789	-101.451
9.033	-101.897
9.277	-101.133
9.521	-100.228
9.766	-99.763
10.010	-101.409
10.254	-102.503
10.498	-102.444
10.742	-102.033
10.986	-102.221
11.230	-103.550
11.475	-104.308
11.719	-103.032
11.963	-102.209
12.207	-102.685
12.451	-101.868
12.695	-101.909
12.940	-103.432
13.184	-103.891
13.428	-104.984
13.672	-105.337
13.916	-104.737
14.160	-104.884
14.404	-105.766
14.648	-105.237
14.893	-104.484
15.137	-104.155
15.381	-105.096
15.625	-104.961
15.869	-104.549
16.113	-104.614
16.357	-104.508
16.602	-105.425
16.846	-106.536
17.090	-106.625
17.334	-106.060
17.578	-104.749
17.822	-105.361
18.066	-106.472
18.311	-106.989
18.555	-107.606
18.799	-108.900
19.043	-108.447
19.287	-108.412
19.531	-108.677
19.775	-107.595
20.020	-108.506
20.264	-109.147
20.508	-106.395
20.752	-106.078
20.996	-107.177
21.240	-107.900
21.484	-108.588
21.729	-108.477
21.973	-107.912
22.217	-108.083
22.461	-108.036
22.705	-107.865
22.949	-106.519
23.193	-105.613
23.437	-106.043
23.682	-107.312
23.926	-108.735
24.170	-108.365
24.414	-107.618
24.658	-108.677
24.902	-109.629
25.146	-109.335
25.391	-107.889
25.635	-106.084
25.879	-105.937
26.123	-108.483
26.367	-109.876
26.611	-108.594
26.855	-109.006
27.100	-108.806
27.344	-109.335
27.588	-109.335
27.832	-108.906
28.076	-108.671
28.320	-109.747
28.564	-108.888
28.809	-106.830
29.053	-106.348
29.297	-106.854
29.541	-106.960
29.785	-107.789
30.029	-108.494
30.273	-108.206
30.518	-109.453
30.762	-111.775
31.006	-111.675
31.250	-110.152
31.494	-109.206
31.738	-108.477
31.982	-108.424
32.227	-107.965
32.471	-107.795
32.715	-107.659
32.959	-107.942
33.203	-107.260
33.447	-108.259
33.691	-109.988
33.935	-110.393
34.180	-109.217
34.424	-108.988
34.668	-109.717
34.912	-109.159
35.156	-109.564
35.400	-108.588
35.645	-108.530
35.889	-109.141
36.133	-109.905
36.377	-112.075
36.621	-112.551
36.865	-109.870
37.109	-109.899
37.353	-110.170
37.598	-109.018
37.842	-108.212
38.086	-108.641
38.330	-110.276
38.574	-110.899
38.818	-109.359
39.062	-109.388
39.307	-109.500
39.551	-110.088
39.795	-110.435
40.039	-109.582
40.283	-109.623
40.527	-109.359
40.772	-109.711
41.016	-109.359
41.260	-109.935
41.504	-109.676
41.748	-109.382
41.992	-109.088
42.236	-109.653
42.480	-110.505
42.725	-111.675
42.969	-110.370
43.213	-109.811
43.457	-110.734
43.701	-110.182
43.945	-109.764
44.190	-111.046
44.434	-111.834
44.678	-110.158
44.922	-109.570
45.166	-110.552
45.410	-110.288
45.654	-109.700
45.898	-109.212
46.143	-109.094
46.387	-108.453
46.631	-108.336
46.875	-109.329
47.119	-109.999
47.363	-109.165
47.607	-109.135
47.852	-109.811
48.096	-109.558
48.340	-109.259
48.584	-110.387
48.828	-111.840
49.072	-111.740
49.316	-110.135
49.560	-110.699
49.805	-111.569
50.049	-111.334
50.293	-109.341
50.537	-108.835
50.781	-109.605
51.025	-109.988
51.270	-109.770
51.514	-109.359
51.758	-111.117
52.002	-110.376
52.246	-109.165
52.490	-110.746
52.734	-110.417
52.978	-110.664
53.223	-113.063
53.467	-112.263
53.711	-110.640
53.955	-110.952
54.199	-111.704
54.443	-112.304
54.687	-111.175
54.932	-109.800
55.176	-110.452
55.420	-111.793
55.664	-111.834
55.908	-111.775
56.152	-112.263
56.397	-111.934
56.641	-111.346
56.885	-109.870
57.129	-109.600
57.373	-108.747
57.617	-108.477
57.861	-108.706
58.105	-110.576
58.350	-109.764
58.594	-109.517
58.838	-110.240
59.082	-111.399
59.326	-102.315
59.570	-85.835
59.815	-77.768
60.059	-76.657
60.303	-82.289
60.547	-95.765
60.791	-109.312
61.035	-110.299
61.279	-110.335
61.523	-111.216
61.768	-112.551
62.012	-110.975
62.256	-110.940
62.500	-111.258
62.744	-111.175
62.988	-110.158
63.232	-110.335
63.477	-110.887
63.721	-111.117
63.965	-110.035
64.209	-111.704
64.453	-111.340
64.697	-111.646
64.941	-111.663
65.186	-111.340
65.430	-112.457
65.674	-113.133
65.918	-112.410
66.162	-112.122
66.406	-110.805
66.650	-110.787
66.894	-111.804
67.139	-110.934
67.383	-109.841
67.627	-109.123
67.871	-109.847
68.115	-109.899
68.359	-110.135
68.603	-112.022
68.848	-111.416
69.092	-111.452
69.336	-111.787
69.580	-114.262
69.824	-112.657
70.068	-111.340
70.312	-111.610
70.557	-112.422
70.801	-111.704
71.045	-109.935
71.289	-109.300
71.533	-111.810
71.777	-111.075
72.022	-110.399
72.266	-111.299
72.510	-112.063
72.754	-111.840
72.998	-111.757
73.242	-110.934
73.486	-110.617
73.731	-109.641
73.975	-109.800
74.219	-110.870
74.463	-110.764
74.707	-109.829
74.951	-109.817
75.195	-110.634
75.439	-110.193
75.684	-111.934
75.928	-112.151
76.172	-110.534
76.416	-110.476
76.660	-110.323
76.904	-110.164
77.148	-110.881
77.393	-109.858
77.637	-110.828
77.881	-110.858
78.125	-109.917
78.369	-110.293
78.613	-111.340
78.857	-111.552
79.102	-112.104
79.346	-114.227
79.590	-114.227
79.834	-113.251
80.078	-112.675
80.322	-112.475
80.566	-113.751
80.811	-114.391
81.055	-113.868
81.299	-113.227
81.543	-112.004
81.787	-112.275
82.031	-111.299
82.275	-110.728
82.519	-109.735
82.764	-109.705
83.008	-112.886
83.252	-113.827
83.496	-111.857
83.740	-111.575
83.984	-110.652
84.228	-110.934
84.473	-112.398
84.717	-110.799
84.961	-109.270
85.205	-109.200
85.449	-111.022
85.693	-111.787
85.937	-113.621
86.182	-114.391
86.426	-114.391
86.670	-112.357
86.914	-110.570
87.158	-111.605
87.402	-112.122
87.647	-111.910
87.891	-111.046
88.135	-110.458
88.379	-112.022
88.623	-112.874
88.867	-112.645
89.111	-113.333
89.356	-114.391
89.600	-113.633
89.844	-110.823
90.088	-110.887
90.332	-110.440
90.576	-111.152
90.820	-111.081
91.064	-109.511
91.309	-110.987
91.553	-112.745
91.797	-113.480
92.041	-112.874
92.285	-111.687
92.529	-111.393
92.773	-112.181
93.018	-114.039
93.262	-114.391
93.506	-113.751
93.750	-113.751
93.994	-114.244
94.238	-113.974
94.482	-114.391
94.727	-113.151
94.971	-112.051
95.215	-113.962
95.459	-113.868
95.703	-111.987
95.947	-111.693
96.191	-111.499
96.436	-111.505
96.680	-112.780
96.924	-112.163
97.168	-111.105
97.412	-111.358
