0.000	-41.574
0.244	-44.743
0.488	-54.409
0.732	-66.038
0.977	-70.272
1.221	-70.136
1.465	-71.224
1.709	-73.464
1.953	-76.022
2.197	-76.575
2.441	-77.268
2.686	-77.339
2.930	-77.956
3.174	-80.149
3.418	-81.260
3.662	-80.761
3.906	-80.343
4.150	-82.084
4.395	-83.207
4.639	-83.271
4.883	-82.348
5.127	-82.019
5.371	-82.360
5.615	-82.948
5.859	-83.436
6.104	-84.412
6.348	-84.888
6.592	-85.529
6.836	-85.993
7.080	-85.905
7.324	-88.181
7.568	-89.180
7.812	-87.334
8.057	-87.163
8.301	-88.416
8.545	-89.309
8.789	-88.592
9.033	-89.351
9.277	-90.327
9.521	-91.655
9.766	-92.637
10.010	-93.014
10.254	-91.614
10.498	-90.238
10.742	-90.668
10.986	-90.844
11.230	-90.150
11.475	-90.186
11.719	-90.562
11.963	-89.886
12.207	-89.692
12.451	-91.197
12.695	-93.502
12.940	-94.278
13.184	-93.143
13.428	-91.861
13.672	-92.461
13.916	-94.160
14.160	-93.760
14.404	-92.890
14.648	-93.525
14.893	-93.807
15.137	-94.519
15.381	-95.277
15.625	-93.984
15.869	-92.361
16.113	-92.814
16.357	-94.748
16.602	-95.730
16.846	-95.930
17.090	-94.936
17.334	-93.237
17.578	-93.854
17.822	-95.495
18.066	-94.824
18.311	-92.855
18.555	-93.225
18.799	-95.330
19.043	-96.377
19.287	-97.570
19.531	-98.358
19.775	-96.847
20.020	-96.553
20.264	-97.018
20.508	-95.777
20.752	-94.919
20.996	-95.947
21.240	-97.876
21.484	-98.176
21.729	-98.093
21.973	-99.140
22.217	-100.192
22.461	-98.887
22.705	-97.400
22.949	-98.011
23.193	-99.540
23.437	-98.764
23.682	-99.422
23.926	-100.163
24.170	-99.769
24.414	-100.439
24.658	-100.457
24.902	-99.487
25.146	-99.681
25.391	-100.722
25.635	-100.475
25.879	-99.704
26.123	-98.158
26.367	-97.658
26.611	-99.228
26.855	-100.322
27.100	-100.181
27.344	-98.546
27.588	-98.299
27.832	-99.334
28.076	-100.451
28.320	-101.551
28.564	-101.686
28.809	-100.904
29.053	-100.145
29.297	-100.057
29.541	-99.963
29.785	-99.534
30.029	-99.287
30.273	-100.751
30.518	-102.532
30.762	-103.567
31.006	-103.256
31.250	-102.039
31.494	-102.033
31.738	-103.097
31.982	-102.580
32.227	-102.815
32.471	-103.720
32.715	-103.508
32.959	-102.703
33.203	-103.873
33.447	-104.655
33.691	-103.050
33.935	-102.903
34.180	-102.591
34.424	-101.780
34.668	-101.268
34.912	-100.498
35.156	-101.110
35.400	-102.086
35.645	-102.444
35.889	-101.992
36.133	-101.351
36.377	-100.851
36.621	-101.192
36.865	-101.780
37.109	-101.698
37.353	-101.304
37.598	-103.256
37.842	-105.954
38.086	-104.855
38.330	-104.514
38.574	-103.250
38.818	-103.109
39.062	-104.726
39.307	-104.755
39.551	-103.338
39.795	-102.944
40.039	-102.950
40.283	-102.944
40.527	-104.014
40.772	-104.925
41.016	-105.402
41.260	-105.466
41.504	-104.114
41.748	-103.326
41.992	-104.455
42.236	-105.654
42.480	-104.120
42.725	-104.032
42.969	-104.408
43.213	-104.043
43.457	-104.132
43.701	-104.884
43.945	-104.990
44.190	-105.631
44.434	-105.255
44.678	-104.814
44.922	-106.048
45.166	-106.237
45.410	-105.966
45.654	-106.007
45.898	-105.707
46.143	-104.173
46.387	-103.332
46.631	-104.855
46.875	-104.726
47.119	-103.185
47.363	-102.979
47.607	-103.450
47.852	-105.108
48.096	-105.519
48.340	-105.390
48.584	-106.201
48.828	-106.907
49.072	-105.219
49.316	-104.914
49.560	-105.543
49.805	-106.278
50.049	-106.090
50.293	-104.408
50.537	-104.320
50.781	-105.249
51.025	-104.967
51.270	-105.590
51.514	-106.478
51.758	-106.078
52.002	-105.384
52.246	-105.166
52.490	-105.049
52.734	-105.084
52.978	-104.784
53.223	-104.843
53.467	-105.901
53.711	-106.166
53.955	-105.901
54.199	-106.137
54.443	-105.566
54.687	-105.784
54.932	-106.554
55.176	-107.189
55.420	-107.077
55.664	-106.536
55.908	-105.278
56.152	-104.761
56.397	-106.760
56.641	-106.966
56.885	-107.748
57.129	-107.771
57.373	-106.178
57.617	-106.401
57.861	-107.024
58.105	-107.965
58.350	-108.853
58.594	-110.546
58.838	-109.911
59.082	-107.736
59.326	-84.000
59.570	-64.745
59.815	-55.367
60.059	-53.174
60.303	-57.690
60.547	-69.937
60.791	-93.907
61.035	-106.478
61.279	-107.107
61.523	-106.060
61.768	-106.031
62.012	-105.613
62.256	-106.460
62.500	-106.907
62.744	-106.160
62.988	-106.231
63.232	-107.089
63.477	-106.560
63.721	-105.507
63.965	-105.296
64.209	-107.448
64.453	-109.841
64.697	-109.758
64.941	-109.711
65.186	-109.259
65.430	-108.829
65.674	-108.083
65.918	-107.659
66.162	-108.006
66.406	-108.688
66.650	-109.306
66.894	-109.988
67.139	-109.329
67.383	-108.377
67.627	-108.706
67.871	-109.423
68.115	-109.023
68.359	-108.488
68.603	-107.724
68.848	-107.430
69.092	-107.895
69.336	-108.071
69.580	-108.271
69.824	-108.829
70.068	-108.765
70.312	-108.788
70.557	-108.735
70.801	-108.218
71.045	-108.336
71.289	-107.895
71.533	-108.094
71.777	-107.818
72.022	-108.065
72.266	-107.971
72.510	-107.589
72.754	-109.006
72.998	-109.623
73.242	-110.423
73.486	-109.964
73.731	-108.577
73.975	-109.705
74.219	-109.070
74.463	-106.289
74.707	-106.101
74.951	-107.924
75.195	-108.130
75.439	-107.953
75.684	-107.989
75.928	-107.806
76.172	-107.848
76.416	-108.277
76.660	-109.229
76.904	-109.117
77.148	-108.435
77.393	-107.642
77.637	-107.689
77.881	-109.018
78.125	-108.759
78.369	-107.548
78.613	-106.801
78.857	-106.848
79.102	-106.766
79.346	-107.019
79.590	-107.524
79.834	-107.312
80.078	-108.189
80.322	-109.353
80.566	-108.594
80.811	-109.617
81.055	-110.099
81.299	-109.329
81.543	-108.759
81.787	-107.724
82.031	-107.624
82.275	-109.006
82.519	-109.006
82.764	-109.165
83.008	-108.782
83.252	-110.329
83.496	-111.587
83.740	-111.252
83.984	-110.958
84.228	-111.505
84.473	-108.882
84.717	-108.894
84.961	-109.435
85.205	-109.241
85.449	-108.330
85.693	-109.282
85.937	-110.188
86.182	-109.264
86.426	-109.976
86.670	-109.700
86.914	-109.029
87.158	-108.071
87.402	-108.083
87.647	-108.694
87.891	-109.188
88.135	-110.111
88.379	-111.910
88.623	-112.245
88.867	-110.323
89.111	-108.847
89.356	-108.512
89.600	-108.677
89.844	-109.847
90.088	-108.724
90.332	-108.923
90.576	-108.976
90.820	-110.681
91.064	-111.140
91.309	-111.028
91.553	-109.623
91.797	-109.035
92.041	-108.929
92.285	-108.159
92.529	-108.471
92.773	-109.264
93.018	-109.429
93.262	-108.835
93.506	-110.246
93.750	-110.940
93.994	-111.169
94.238	-110.787
94.482	-110.182
94.727	-110.928
94.971	-109.952
95.215	-110.634
95.459	-109.970
95.703	-109.141
95.947	-109.470
96.191	-110.552
96.436	-111.375
96.680	-110.511
96.924	-112.263
97.168	-112.963
97.412	-110.270
