0.000	-38.534
0.488	-41.703
0.977	-50.958
1.465	-58.865
1.953	-62.035
2.441	-62.423
2.930	-63.052
3.418	-65.439
3.906	-67.791
4.395	-69.043
4.883	-69.872
5.371	-70.342
5.859	-71.171
6.348	-71.871
6.836	-73.276
7.324	-74.258
7.812	-75.622
8.301	-77.180
8.789	-76.763
9.277	-76.386
9.766	-75.857
10.254	-76.181
10.742	-76.910
11.230	-76.745
11.719	-76.039
12.207	-76.463
12.695	-78.150
13.184	-79.744
13.672	-80.937
14.160	-81.090
14.648	-81.425
15.137	-82.231
15.625	-82.625
16.113	-83.148
16.602	-84.000
17.090	-84.400
17.578	-84.183
18.066	-84.377
18.555	-85.059
19.043	-86.070
19.531	-85.941
20.020	-85.188
20.508	-85.429
20.996	-85.958
21.484	-85.899
21.973	-85.388
22.461	-85.064
22.949	-85.688
23.437	-86.323
23.926	-87.181
24.414	-88.316
24.902	-87.422
25.391	-86.958
25.879	-87.651
26.367	-88.916
26.855	-88.727
27.344	-88.545
27.832	-90.221
28.320	-91.655
28.809	-91.932
29.297	-92.343
29.785	-92.285
30.273	-91.285
30.762	-91.220
31.250	-91.485
31.738	-92.514
32.227	-93.578
32.715	-93.125
33.203	-92.643
33.691	-92.337
34.180	-93.249
34.668	-92.367
35.156	-92.637
35.645	-93.484
36.133	-92.502
36.621	-92.384
37.109	-93.002
37.598	-94.554
38.086	-95.842
38.574	-95.624
39.062	-95.289
39.551	-95.606
40.039	-95.254
40.527	-94.724
41.016	-95.336
41.504	-95.883
41.992	-95.101
42.480	-94.813
42.969	-94.178
43.457	-94.630
43.945	-95.777
44.434	-94.707
44.922	-94.736
45.410	-95.718
45.898	-96.283
46.387	-96.394
46.875	-96.771
47.363	-97.523
47.852	-98.834
48.340	-99.810
48.828	-99.228
49.316	-98.346
49.805	-98.076
50.293	-97.259
50.781	-97.106
51.270	-97.970
51.758	-98.240
52.246	-97.594
52.734	-97.805
53.223	-98.811
53.711	-99.164
54.199	-98.487
54.687	-97.729
55.176	-97.723
55.664	-98.570
56.152	-99.275
56.641	-99.599
57.129	-99.469
57.617	-98.511
58.105	-98.676
58.594	-89.468
59.082	-69.507
59.570	-59.459
60.059	-56.702
60.547	-60.635
61.035	-72.135
61.523	-93.402
62.012	-97.717
62.500	-97.170
62.988	-96.947
63.477	-97.811
63.965	-99.693
64.453	-100.092
64.941	-99.181
65.430	-99.652
65.918	-100.704
66.406	-101.192
66.894	-101.686
67.383	-102.062
67.871	-101.498
68.359	-101.351
68.848	-103.050
69.336	-104.855
69.824	-103.220
70.312	-101.086
70.801	-100.551
71.289	-101.627
71.777	-100.986
72.266	-100.774
72.754	-101.415
73.242	-101.333
73.731	-101.421
74.219	-101.903
74.707	-102.209
75.195	-102.209
75.684	-102.427
76.172	-101.833
76.660	-100.410
77.148	-100.557
77.637	-101.474
78.125	-102.209
78.613	-102.762
79.102	-102.632
79.590	-101.756
80.078	-101.839
80.566	-101.739
81.055	-101.686
81.543	-101.774
82.031	-102.256
82.519	-102.497
83.008	-103.314
83.496	-103.761
83.984	-103.708
84.473	-103.620
84.961	-103.438
85.449	-104.255
85.937	-105.061
86.426	-104.396
86.914	-103.379
87.402	-103.585
87.891	-103.326
88.379	-103.115
88.867	-103.332
89.356	-103.197
89.844	-102.997
90.332	-102.750
90.820	-103.356
91.309	-104.285
91.797	-104.408
92.285	-105.243
92.773	-104.690
93.262	-104.337
93.750	-104.190
94.238	-103.785
94.727	-103.661
95.215	-104.138
95.703	-103.820
96.191	-102.903
96.680	-102.973
97.168	-104.261
97.656	-104.402
98.144	-104.079
98.633	-104.908
99.121	-105.566
99.609	-104.402
100.098	-104.496
100.586	-104.931
101.074	-104.678
101.563	-104.520
102.051	-104.837
102.539	-105.984
103.027	-106.495
103.516	-105.219
104.004	-104.008
104.492	-104.590
104.980	-106.254
105.469	-106.242
105.957	-105.702
106.445	-105.372
106.934	-106.225
107.422	-106.066
107.910	-104.920
108.398	-104.337
108.887	-104.861
109.375	-105.031
109.863	-106.160
110.352	-107.142
110.840	-106.754
111.328	-106.907
111.816	-106.231
112.305	-106.190
112.793	-106.866
113.281	-105.948
113.770	-105.272
114.258	-105.584
114.746	-106.977
115.234	-107.430
115.723	-106.642
116.211	-106.242
116.699	-106.084
117.188	-105.807
117.676	-106.237
118.164	-105.984
118.652	-104.584
119.141	-92.026
119.629	-82.830
120.117	-80.673
120.605	-85.170
121.094	-96.747
121.582	-105.131
122.070	-104.855
122.559	-105.484
123.047	-105.666
123.535	-105.513
124.023	-105.460
124.512	-104.537
125.000	-103.802
125.488	-104.185
125.977	-105.031
126.465	-106.666
126.953	-106.954
127.441	-106.125
127.930	-105.537
128.418	-105.225
128.906	-105.049
129.395	-105.278
129.883	-105.790
130.371	-105.990
130.859	-105.819
131.348	-105.584
131.836	-106.066
132.324	-107.589
132.813	-107.965
133.301	-107.024
133.789	-106.142
134.277	-106.542
134.766	-106.772
135.254	-106.043
135.742	-105.978
136.230	-106.272
136.719	-106.807
137.207	-106.801
137.695	-106.583
138.184	-106.101
138.672	-105.496
139.160	-104.737
139.648	-105.208
140.137	-105.978
140.625	-106.372
141.113	-106.325
141.602	-107.007
142.090	-106.660
142.578	-106.101
143.066	-106.630
143.555	-106.489
144.043	-106.054
144.531	-107.265
145.020	-108.435
145.508	-106.442
145.996	-106.813
146.484	-108.212
146.973	-108.271
147.461	-107.189
147.949	-107.554
148.438	-108.059
148.926	-108.130
149.414	-107.848
149.902	-107.007
150.391	-107.030
150.879	-108.318
151.367	-108.183
151.855	-107.265
152.344	-106.883
152.832	-107.307
153.320	-108.206
153.809	-108.312
154.297	-108.441
154.785	-107.730
155.273	-108.030
155.762	-108.453
156.250	-108.918
156.738	-109.317
157.227	-108.441
157.715	-107.824
158.203	-108.365
158.691	-108.206
159.180	-108.929
159.668	-107.424
160.156	-105.990
160.645	-106.342
161.133	-107.565
161.621	-107.624
162.109	-106.695
162.598	-106.966
163.086	-107.818
163.574	-108.900
164.063	-107.718
164.551	-106.877
165.039	-105.937
165.527	-105.790
166.016	-107.118
166.504	-107.753
166.992	-107.548
167.480	-108.106
167.969	-107.859
168.457	-107.953
168.945	-107.430
169.434	-107.859
169.922	-108.341
170.410	-108.377
170.898	-107.977
171.387	-107.671
171.875	-107.630
172.363	-107.213
172.852	-107.612
173.340	-107.624
173.828	-107.736
174.316	-107.977
174.805	-108.047
175.293	-108.012
175.781	-107.824
176.270	-107.730
176.758	-108.635
177.246	-109.729
177.734	-110.146
178.223	-109.999
178.711	-109.200
179.199	-105.854
179.688	-100.087
180.176	-98.687
180.664	-103.109
181.152	-108.947
181.641	-108.447
182.129	-108.224
182.617	-107.683
183.105	-107.995
183.594	-108.065
184.082	-109.070
184.570	-109.094
185.059	-108.729
185.547	-109.235
186.035	-109.870
186.523	-110.764
187.012	-110.758
187.500	-110.640
187.988	-110.505
188.477	-110.393
188.965	-109.776
189.453	-109.564
189.941	-109.717
190.430	-110.340
190.918	-109.882
191.406	-109.188
191.895	-107.724
192.383	-107.518
192.871	-108.071
193.359	-108.377
193.848	-108.976
194.336	-110.146
194.824	-110.623
