0.000	-34.454
62.500	-37.799
125.000	-48.553
187.500	-69.995
250.000	-97.447
312.500	-99.563
375.000	-100.680
437.500	-101.792
500.000	-102.391
562.500	-102.532
625.000	-102.944
687.500	-103.303
750.000	-104.014
812.500	-104.190
875.000	-104.773
937.500	-105.125
1000.000	-105.613
1062.500	-105.666
1125.000	-105.760
1187.500	-105.737
1250.000	-105.690
1312.500	-105.737
1375.000	-105.837
1437.500	-105.896
1500.000	-106.237
1562.500	-106.231
1625.000	-106.313
1687.500	-106.454
1750.000	-106.295
1812.500	-106.525
1875.000	-106.777
1937.500	-106.942
2000.000	-106.907
2062.500	-107.036
2125.000	-107.365
2187.500	-107.242
2250.000	-107.107
2312.500	-107.101
2375.000	-106.954
2437.500	-107.207
2500.000	-107.477
2562.500	-107.465
2625.000	-107.565
2687.500	-107.589
2750.000	-107.507
2812.500	-107.618
2875.000	-107.683
2937.500	-107.936
3000.000	-108.036
3062.500	-107.706
3125.000	-107.953
3187.500	-107.748
3250.000	-107.842
3312.500	-107.718
3375.000	-107.971
3437.500	-108.189
3500.000	-108.012
3562.500	-107.912
3625.000	-107.883
3687.500	-107.889
3750.000	-107.924
3812.500	-108.036
3875.000	-108.094
3937.500	-108.077
4000.000	-107.995
4062.500	-108.141
4125.000	-108.053
4187.500	-108.377
4250.000	-108.418
4312.500	-108.359
4375.000	-108.053
4437.500	-108.036
4500.000	-108.094
4562.500	-108.265
4625.000	-108.336
4687.500	-108.183
4750.000	-108.047
4812.500	-108.071
4875.000	-108.236
4937.500	-108.418
5000.000	-108.412
5062.500	-108.383
5125.000	-108.253
5187.500	-108.324
5250.000	-108.253
5312.500	-108.406
5375.000	-108.653
5437.500	-108.494
5500.000	-108.565
5562.500	-108.459
5625.000	-108.394
5687.500	-108.512
5750.000	-108.294
5812.500	-108.171
5875.000	-108.347
5937.500	-108.336
6000.000	-108.471
6062.500	-108.318
6125.000	-108.336
6187.500	-108.341
6250.000	-108.412
6312.500	-108.471
6375.000	-108.441
6437.500	-108.418
6500.000	-108.177
6562.500	-108.189
6625.000	-108.253
6687.500	-108.471
6750.000	-108.612
6812.500	-108.618
6875.000	-108.506
6937.500	-108.506
7000.000	-108.453
7062.500	-108.506
7125.000	-108.465
7187.500	-108.618
7250.000	-108.859
7312.500	-108.677
7375.000	-108.588
7437.500	-108.524
7500.000	-108.394
7562.500	-108.547
7625.000	-108.471
7687.500	-108.388
7750.000	-108.300
7812.500	-108.453
7875.000	-108.471
7937.500	-108.612
8000.000	-108.494
8062.500	-108.541
8125.000	-108.324
8187.500	-108.265
8250.000	-108.600
8312.500	-108.694
8375.000	-108.559
8437.500	-108.759
8500.000	-108.541
8562.500	-108.565
8625.000	-108.418
8687.500	-108.277
8750.000	-108.418
8812.500	-108.418
8875.000	-108.324
8937.500	-108.465
9000.000	-108.477
9062.500	-108.535
9125.000	-108.518
9187.500	-108.494
9250.000	-108.500
9312.500	-108.577
9375.000	-108.665
9437.500	-108.606
9500.000	-108.753
9562.500	-108.594
9625.000	-108.388
9687.500	-108.341
9750.000	-108.453
9812.500	-108.541
9875.000	-108.483
9937.500	-108.641
10000.000	-108.782
10062.500	-108.876
10125.000	-108.747
10187.500	-108.706
10250.000	-108.635
10312.500	-108.706
10375.000	-108.724
10437.500	-108.688
10500.000	-108.565
10562.500	-108.841
10625.000	-108.753
10687.500	-108.677
10750.000	-108.618
10812.500	-108.559
10875.000	-108.788
10937.500	-108.588
11000.000	-108.488
11062.500	-108.400
11125.000	-108.465
11187.500	-108.371
11250.000	-108.541
11312.500	-108.659
11375.000	-108.588
11437.500	-108.559
11500.000	-108.647
11562.500	-108.594
11625.000	-108.806
11687.500	-108.853
11750.000	-108.700
11812.500	-108.800
11875.000	-108.541
11937.500	-108.618
12000.000	-108.618
12062.500	-108.882
12125.000	-108.629
12187.500	-108.776
12250.000	-108.835
12312.500	-108.835
12375.000	-108.753
12437.500	-108.700
12500.000	-108.624
12562.500	-108.988
12625.000	-108.700
12687.500	-108.641
12750.000	-108.559
12812.500	-108.677
12875.000	-108.671
12937.500	-108.724
13000.000	-108.782
13062.500	-108.694
13125.000	-108.530
13187.500	-108.941
13250.000	-108.900
13312.500	-108.659
13375.000	-108.824
13437.500	-108.806
13500.000	-108.782
13562.500	-108.718
13625.000	-108.982
13687.500	-108.794
13750.000	-108.688
13812.500	-108.518
13875.000	-108.800
13937.500	-108.765
14000.000	-108.759
14062.500	-108.900
14125.000	-108.871
14187.500	-109.012
14250.000	-109.006
14312.500	-108.729
14375.000	-108.618
14437.500	-108.759
14500.000	-108.876
14562.500	-108.847
14625.000	-108.988
14687.500	-109.018
14750.000	-108.959
14812.500	-108.541
14875.000	-108.547
14937.500	-108.682
15000.000	-108.835
15062.500	-108.724
15125.000	-108.559
15187.500	-108.771
15250.000	-108.829
15312.500	-109.082
15375.000	-108.659
15437.500	-108.324
15500.000	-107.889
15562.500	-107.765
15625.000	-107.918
15687.500	-108.224
15750.000	-108.753
15812.500	-108.565
15875.000	-108.641
15937.500	-108.847
16000.000	-108.835
16062.500	-108.782
16125.000	-108.788
16187.500	-108.923
16250.000	-108.906
16312.500	-108.935
16375.000	-108.694
16437.500	-108.594
16500.000	-108.871
16562.500	-109.018
16625.000	-108.741
16687.500	-108.624
16750.000	-108.747
16812.500	-108.771
16875.000	-108.800
16937.500	-108.724
17000.000	-108.841
17062.500	-109.047
17125.000	-108.912
17187.500	-108.759
17250.000	-108.724
17312.500	-108.900
17375.000	-108.782
17437.500	-108.700
17500.000	-108.829
17562.500	-108.900
17625.000	-109.006
17687.500	-108.988
17750.000	-109.141
17812.500	-109.059
17875.000	-109.006
17937.500	-108.947
18000.000	-108.835
18062.500	-108.959
18125.000	-108.812
18187.500	-108.735
18250.000	-108.594
18312.500	-108.765
18375.000	-108.853
18437.500	-108.659
18500.000	-108.612
18562.500	-108.688
18625.000	-108.753
18687.500	-108.677
18750.000	-108.788
18812.500	-108.935
18875.000	-108.782
18937.500	-108.782
19000.000	-108.847
19062.500	-108.806
19125.000	-108.865
19187.500	-108.776
19250.000	-108.635
19312.500	-108.906
19375.000	-109.023
19437.500	-108.547
19500.000	-108.606
19562.500	-108.829
19625.000	-109.035
19687.500	-109.023
19750.000	-108.688
19812.500	-108.577
19875.000	-108.718
19937.500	-108.559
20000.000	-108.800
20062.500	-108.959
20125.000	-109.012
20187.500	-108.618
20250.000	-108.923
20312.500	-108.929
20375.000	-108.853
20437.500	-108.618
20500.000	-108.841
20562.500	-108.912
20625.000	-109.035
20687.500	-109.065
20750.000	-108.971
20812.500	-108.859
20875.000	-108.800
20937.500	-109.094
21000.000	-108.871
21062.500	-108.818
21125.000	-108.900
21187.500	-108.724
21250.000	-108.471
21312.500	-108.824
21375.000	-108.759
21437.500	-108.923
21500.000	-108.800
21562.500	-108.841
21625.000	-109.047
21687.500	-108.800
21750.000	-108.782
21812.500	-108.706
21875.000	-108.641
21937.500	-108.888
22000.000	-109.012
22062.500	-108.865
22125.000	-108.759
22187.500	-108.559
22250.000	-108.653
22312.500	-108.688
22375.000	-108.706
22437.500	-108.712
22500.000	-108.759
22562.500	-109.006
22625.000	-109.106
22687.500	-108.800
22750.000	-108.782
22812.500	-108.876
22875.000	-108.941
22937.500	-108.882
23000.000	-108.947
23062.500	-108.847
23125.000	-108.941
23187.500	-108.888
23250.000	-108.918
23312.500	-109.053
23375.000	-109.129
23437.500	-108.882
23500.000	-108.735
23562.500	-108.847
23625.000	-108.794
23687.500	-108.900
23750.000	-108.971
23812.500	-108.859
23875.000	-108.824
23937.500	-108.782
24000.000	-108.894
24062.500	-108.912
24125.000	-108.788
24187.500	-108.800
24250.000	-108.859
24312.500	-108.947
24375.000	-109.012
24437.500	-108.923
24500.000	-108.853
24562.500	-108.859
24625.000	-108.988
24687.500	-109.129
24750.000	-108.959
24812.500	-108.988
24875.000	-108.941
24937.500	-108.929
