x	y
0.000	-44.284
0.244	-47.183
0.488	-55.197
0.732	-63.963
0.977	-68.149
1.221	-69.284
1.465	-69.654
1.709	-70.278
1.953	-72.618
2.197	-74.534
2.441	-75.099
2.686	-74.446
2.930	-74.199
3.174	-75.804
3.418	-77.639
3.662	-77.915
3.906	-78.156
4.150	-79.350
4.395	-81.008
4.639	-81.325
4.883	-79.702
5.127	-78.227
5.371	-78.621
5.615	-80.561
5.859	-81.854
6.104	-81.472
6.348	-82.507
6.592	-83.577
6.836	-83.636
7.080	-82.248
7.324	-81.119
7.568	-82.272
7.812	-83.924
8.057	-82.283
8.301	-80.819
8.545	-81.872
8.789	-82.148
9.033	-81.631
9.277	-82.648
9.521	-83.600
9.766	-83.307
10.010	-82.542
10.254	-83.665
10.498	-86.717
10.742	-87.252
10.986	-83.900
11.230	-83.354
11.475	-85.441
11.719	-88.163
11.963	-86.905
12.207	-85.335
12.451	-87.016
12.695	-87.234
12.940	-85.993
13.184	-86.628
13.428	-88.545
13.672	-90.732
13.916	-93.754
14.160	-93.884
14.404	-91.732
14.648	-89.768
14.893	-89.792
15.137	-89.098
15.381	-89.298
15.625	-91.426
15.869	-90.062
16.113	-88.439
16.357	-89.739
16.602	-91.461
16.846	-91.949
17.090	-93.166
17.334	-94.748
17.578	-94.930
17.822	-93.296
18.066	-91.356
18.311	-90.850
18.555	-92.155
18.799	-94.054
19.043	-93.790
19.287	-93.390
19.531	-93.560
19.775	-94.648
20.020	-96.559
20.264	-96.124
20.508	-94.237
20.752	-94.583
20.996	-96.036
21.240	-97.141
21.484	-96.941
21.729	-94.766
21.973	-94.513
22.217	-96.283
22.461	-96.900
22.705	-96.030
22.949	-96.859
23.193	-97.805
23.437	-96.841
23.682	-97.100
23.926	-97.847
24.170	-96.729
24.414	-96.330
24.658	-96.994
24.902	-96.788
25.146	-96.124
25.391	-96.412
25.635	-96.424
25.879	-97.235
26.123	-98.223
26.367	-98.534
26.611	-97.999
26.855	-96.400
27.100	-96.141
27.344	-97.188
27.588	-99.922
27.832	-100.963
28.076	-98.723
28.320	-97.317
28.564	-98.540
28.809	-99.828
29.053	-99.275
29.297	-98.975
29.541	-98.217
29.785	-98.240
30.029	-97.958
30.273	-97.711
30.518	-96.829
30.762	-96.876
31.006	-98.975
31.250	-100.580
31.494	-100.286
31.738	-99.904
31.982	-100.098
32.227	-100.392
32.471	-100.916
32.715	-99.675
32.959	-98.628
33.203	-98.628
33.447	-98.634
33.691	-100.134
33.935	-101.051
34.180	-100.004
34.424	-100.028
34.668	-102.174
34.912	-102.674
35.156	-101.974
35.400	-100.092
35.645	-99.293
35.889	-100.610
36.133	-103.303
36.377	-103.403
36.621	-102.821
36.865	-101.750
37.109	-100.410
37.353	-100.628
37.598	-102.227
37.842	-100.786
38.086	-100.298
38.330	-100.880
38.574	-102.191
38.818	-103.503
39.062	-103.173
39.307	-102.674
39.551	-101.533
39.795	-101.186
40.039	-101.374
40.283	-101.856
40.527	-102.274
40.772	-103.126
41.016	-102.909
41.260	-102.638
41.504	-103.232
41.748	-104.326
41.992	-104.714
42.236	-104.814
42.480	-104.396
42.725	-103.414
42.969	-102.709
43.213	-102.950
43.457	-104.496
43.701	-105.249
43.945	-105.125
44.190	-103.391
44.434	-102.168
44.678	-102.785
44.922	-103.844
45.166	-104.743
45.410	-103.379
45.654	-101.974
45.898	-103.185
46.143	-104.584
46.387	-103.579
46.631	-103.409
46.875	-104.196
47.119	-105.355
47.363	-105.496
47.607	-103.732
47.852	-103.579
48.096	-104.773
48.340	-103.485
48.584	-103.209
48.828	-103.461
49.072	-103.532
49.316	-103.126
49.560	-103.115
49.805	-105.102
50.049	-106.601
50.293	-105.484
50.537	-104.243
50.781	-103.750
51.025	-103.555
51.270	-103.914
51.514	-103.932
51.758	-103.973
52.002	-105.243
52.246	-106.054
52.490	-105.308
52.734	-104.385
52.978	-104.861
53.223	-106.601
53.467	-106.595
53.711	-104.502
53.955	-103.573
54.199	-104.972
54.443	-104.914
54.687	-103.802
54.932	-103.473
55.176	-102.568
55.420	-103.655
55.664	-105.319
55.908	-104.908
56.152	-103.832
56.397	-103.291
56.641	-103.091
56.885	-102.515
57.129	-102.274
57.373	-103.867
57.617	-105.261
57.861	-103.432
58.105	-103.003
58.350	-102.938
58.594	-101.980
58.838	-100.363
59.082	-96.912
59.326	-82.119
59.570	-63.534
59.815	-54.274
60.059	-52.157
60.303	-56.755
60.547	-69.096
60.791	-91.026
61.035	-96.512
61.279	-98.852
61.523	-101.027
61.768	-101.004
62.012	-101.992
62.256	-102.433
62.500	-102.097
62.744	-101.856
62.988	-102.997
63.232	-104.925
63.477	-105.643
63.721	-104.761
63.965	-103.650
64.209	-103.414
64.453	-104.614
64.697	-105.008
64.941	-106.166
65.186	-104.496
65.430	-103.955
65.674	-105.948
65.918	-107.342
66.162	-106.589
66.406	-105.919
66.650	-106.489
66.894	-106.713
67.139	-106.995
67.383	-106.772
67.627	-106.242
67.871	-105.249
68.115	-105.355
68.359	-105.355
68.603	-103.985
68.848	-104.449
69.092	-107.430
69.336	-108.824
69.580	-109.035
69.824	-108.430
70.068	-107.036
70.312	-105.890
70.557	-106.278
70.801	-107.654
71.045	-107.336
71.289	-108.000
71.533	-108.083
71.777	-107.201
72.022	-107.383
72.266	-107.489
72.510	-108.241
72.754	-107.495
72.998	-107.019
73.242	-108.435
73.486	-107.659
73.731	-106.919
73.975	-108.277
74.219	-109.852
74.463	-107.918
74.707	-106.101
74.951	-105.084
75.195	-106.848
75.439	-108.230
75.684	-106.489
75.928	-105.178
76.172	-106.289
76.416	-106.730
76.660	-106.489
76.904	-106.295
77.148	-106.319
77.393	-108.212
77.637	-110.146
77.881	-110.670
78.125	-109.523
78.369	-107.054
78.613	-105.502
78.857	-105.837
79.102	-107.083
79.346	-108.130
79.590	-108.871
79.834	-107.924
80.078	-106.195
80.322	-106.031
80.566	-108.230
80.811	-107.430
81.055	-107.019
81.299	-110.211
81.543	-109.888
81.787	-108.300
82.031	-106.971
82.275	-106.907
82.519	-107.630
82.764	-108.947
83.008	-108.453
83.252	-106.195
83.496	-106.007
83.740	-106.648
83.984	-107.283
84.228	-107.559
84.473	-108.312
84.717	-109.894
84.961	-110.223
85.205	-110.858
85.449	-109.582
85.693	-109.306
85.937	-108.594
86.182	-107.501
86.426	-107.765
86.670	-107.942
86.914	-107.953
87.158	-108.453
87.402	-109.582
87.647	-109.147
87.891	-108.500
88.135	-107.589
88.379	-108.782
88.623	-109.553
88.867	-107.430
89.111	-106.419
89.356	-107.842
89.600	-107.989
89.844	-107.289
90.088	-108.994
90.332	-109.958
90.576	-109.876
90.820	-110.076
91.064	-111.152
91.309	-110.599
91.553	-108.524
91.797	-108.447
92.041	-108.524
92.285	-107.365
92.529	-108.430
92.773	-108.847
93.018	-108.794
93.262	-108.612
93.506	-108.147
93.750	-107.265
93.994	-107.448
94.238	-108.130
94.482	-108.565
94.727	-109.570
94.971	-110.576
95.215	-110.934
95.459	-111.164
95.703	-110.605
95.947	-109.117
96.191	-107.606
96.436	-107.436
96.680	-108.171
96.924	-108.112
97.168	-109.888
97.412	-109.905
