x	y
0.000	-39.886
0.488	-43.226
0.977	-53.985
1.465	-74.993
1.953	-86.458
2.441	-87.005
2.930	-85.464
3.418	-85.482
3.906	-87.610
4.395	-88.692
4.883	-90.321
5.371	-93.943
5.859	-95.689
6.348	-96.265
6.836	-95.371
7.324	-93.096
7.812	-92.379
8.301	-92.520
8.789	-92.467
9.277	-93.713
9.766	-95.836
10.254	-96.247
10.742	-95.342
11.230	-94.348
11.719	-94.178
12.207	-95.148
12.695	-97.288
13.184	-97.988
13.672	-97.999
14.160	-99.569
14.648	-100.322
15.137	-98.099
15.625	-98.088
16.113	-99.887
16.602	-101.139
17.090	-102.174
17.578	-102.750
18.066	-103.320
18.555	-101.868
19.043	-99.934
19.531	-100.081
20.020	-100.910
20.508	-103.015
20.996	-105.149
21.484	-104.385
21.973	-103.750
22.461	-103.432
22.949	-103.032
23.437	-103.597
23.926	-104.878
24.414	-105.837
24.902	-106.407
25.391	-106.854
25.879	-105.848
26.367	-105.243
26.855	-104.990
27.344	-104.326
27.832	-105.602
28.320	-106.848
28.809	-106.031
29.297	-105.596
29.785	-106.272
30.273	-106.848
30.762	-106.213
31.250	-105.631
31.738	-106.231
32.227	-106.166
32.715	-105.796
33.203	-105.202
33.691	-104.843
34.180	-105.543
34.668	-106.448
35.156	-106.242
35.645	-104.584
36.133	-103.591
36.621	-103.003
37.109	-102.227
37.598	-103.485
38.086	-105.943
38.574	-106.407
39.062	-104.937
39.551	-103.109
40.039	-101.868
40.527	-102.621
41.016	-105.119
41.504	-106.777
41.992	-105.896
42.480	-103.802
42.969	-102.491
43.457	-102.691
43.945	-103.926
44.434	-106.166
44.922	-107.912
45.410	-106.789
45.898	-104.114
46.387	-103.238
46.875	-103.020
47.363	-103.279
47.852	-104.949
48.340	-105.801
48.828	-105.631
49.316	-104.649
49.805	-103.685
50.293	-103.397
50.781	-104.085
51.270	-105.772
51.758	-106.342
52.246	-103.373
52.734	-101.215
53.223	-101.198
53.711	-102.021
54.199	-102.503
54.687	-103.885
55.176	-105.072
55.664	-102.174
56.152	-99.316
56.641	-97.829
57.129	-97.829
57.617	-99.393
58.105	-100.822
58.594	-93.002
59.082	-76.786
59.570	-67.397
60.059	-64.874
60.547	-68.861
61.035	-80.008
61.523	-96.747
62.012	-102.050
62.500	-101.656
62.988	-102.321
63.477	-103.949
63.965	-106.054
64.453	-108.582
64.941	-110.376
65.430	-110.964
65.918	-108.965
66.406	-107.183
66.894	-107.330
67.383	-109.459
67.871	-110.264
68.359	-109.553
68.848	-109.347
69.336	-108.594
69.824	-107.736
70.312	-108.006
70.801	-108.377
71.289	-108.018
71.777	-109.329
72.266	-110.534
72.754	-109.741
73.242	-108.806
73.731	-108.412
74.219	-108.212
74.707	-108.471
75.195	-110.211
75.684	-111.028
76.172	-109.741
76.660	-109.676
77.148	-110.793
77.637	-110.605
78.125	-109.811
78.613	-109.288
79.102	-110.458
79.590	-110.552
80.078	-110.099
80.566	-110.370
81.055	-110.552
81.543	-111.687
82.031	-110.728
82.519	-111.011
83.008	-110.911
83.496	-111.557
83.984	-110.887
84.473	-110.170
84.961	-110.117
85.449	-111.011
85.937	-110.235
86.426	-108.941
86.914	-108.618
87.402	-109.535
87.891	-110.464
88.379	-110.564
88.867	-111.316
89.356	-112.122
89.844	-112.075
90.332	-110.905
90.820	-110.676
91.309	-109.982
91.797	-109.529
92.285	-109.506
92.773	-110.640
93.262	-111.857
93.750	-111.075
94.238	-111.810
94.727	-111.487
95.215	-110.664
95.703	-110.082
96.191	-112.022
96.680	-113.609
97.168	-112.598
97.656	-112.298
98.144	-112.081
98.633	-110.317
99.121	-111.293
99.609	-112.657
100.098	-111.610
100.586	-111.117
101.074	-111.446
101.563	-110.975
102.051	-111.657
102.539	-109.841
103.027	-109.629
103.516	-110.387
104.004	-111.834
104.492	-112.910
104.980	-112.357
105.469	-111.646
105.957	-112.410
106.445	-112.475
106.934	-113.333
107.422	-112.222
107.910	-111.722
108.398	-113.692
108.887	-112.222
109.375	-110.940
109.863	-110.229
110.352	-110.440
110.840	-110.452
111.328	-111.034
111.816	-111.299
112.305	-110.764
112.793	-110.529
113.281	-111.804
113.770	-112.757
114.258	-111.169
114.746	-110.240
115.234	-111.093
115.723	-113.133
116.211	-114.021
116.699	-112.575
117.188	-112.110
117.676	-113.480
118.164	-112.081
118.652	-109.453
119.141	-99.975
119.629	-91.702
120.117	-89.862
120.605	-94.501
121.094	-105.772
121.582	-111.987
122.070	-112.475
122.559	-112.034
123.047	-112.234
123.535	-111.463
124.023	-110.981
124.512	-111.522
125.000	-111.393
125.488	-110.634
125.977	-111.622
126.465	-113.868
126.953	-113.651
127.441	-112.463
127.930	-111.463
128.418	-110.846
128.906	-110.681
129.395	-111.234
129.883	-111.416
130.371	-111.934
130.859	-111.851
131.348	-112.204
131.836	-111.605
132.324	-111.416
132.813	-112.457
133.301	-112.792
133.789	-111.675
134.277	-112.210
134.766	-114.344
135.254	-113.621
135.742	-110.881
136.230	-110.564
136.719	-111.358
137.207	-111.934
137.695	-112.922
138.184	-114.162
138.672	-112.827
139.160	-111.075
139.648	-110.411
140.137	-111.281
140.625	-114.391
141.113	-114.391
141.602	-113.333
142.090	-112.533
142.578	-114.197
143.066	-114.391
143.555	-114.068
144.043	-114.391
144.531	-113.374
145.020	-113.451
145.508	-112.398
145.996	-112.122
146.484	-113.374
146.973	-112.222
147.461	-111.822
147.949	-113.427
148.438	-113.751
148.926	-112.486
149.414	-112.075
149.902	-112.974
150.391	-112.445
150.879	-114.086
151.367	-114.391
151.855	-113.780
152.344	-112.851
152.832	-113.868
153.320	-114.162
153.809	-112.863
154.297	-112.434
154.785	-113.304
155.273	-112.533
155.762	-112.051
156.250	-112.222
156.738	-112.245
157.227	-111.275
157.715	-111.322
158.203	-112.298
158.691	-114.056
159.180	-113.480
159.668	-112.757
160.156	-112.863
160.645	-114.327
161.133	-114.391
161.621	-114.391
162.109	-114.391
162.598	-112.986
163.086	-113.151
163.574	-113.680
164.063	-114.039
164.551	-111.728
165.039	-112.381
165.527	-113.280
166.016	-111.757
166.504	-111.887
166.992	-111.552
167.480	-111.469
167.969	-111.575
168.457	-112.598
168.945	-113.427
169.434	-113.374
169.922	-112.804
170.410	-112.251
170.898	-112.657
171.387	-111.240
171.875	-111.175
172.363	-112.974
172.852	-113.263
173.340	-112.610
173.828	-112.710
174.316	-112.963
174.805	-111.269
175.293	-111.193
175.781	-113.110
176.270	-114.391
176.758	-113.592
177.246	-112.275
177.734	-112.827
178.223	-114.244
178.711	-113.521
179.199	-110.646
179.688	-106.260
180.176	-105.619
180.664	-108.882
181.152	-111.293
181.641	-111.710
182.129	-111.693
182.617	-111.575
183.105	-111.757
183.594	-112.081
184.082	-113.856
184.570	-114.391
185.059	-114.391
185.547	-114.391
186.035	-113.121
186.523	-111.993
187.012	-111.910
187.500	-113.739
187.988	-114.209
188.477	-114.391
188.965	-114.391
189.453	-113.721
189.941	-113.551
190.430	-112.769
190.918	-112.610
191.406	-113.333
191.895	-113.021
192.383	-114.009
192.871	-114.391
193.359	-114.291
193.848	-114.391
194.336	-114.391
194.824	-114.391
