x	y
0.000	-29.439
0.977	-32.784
1.953	-43.549
2.930	-64.910
3.906	-78.009
4.883	-77.639
5.859	-71.318
6.836	-64.004
7.812	-60.435
8.789	-58.824
9.766	-54.091
10.742	-52.968
11.719	-58.260
12.695	-71.330
13.672	-86.182
14.648	-83.036
15.625	-78.321
16.602	-77.745
17.578	-80.990
18.555	-80.802
19.531	-68.502
20.508	-62.140
21.484	-62.464
22.461	-69.531
23.437	-81.660
24.414	-81.296
25.391	-80.614
26.367	-80.714
27.344	-78.591
28.320	-68.279
29.297	-62.240
30.273	-57.290
31.250	-53.821
32.227	-56.132
33.203	-65.292
34.180	-78.697
35.156	-82.654
36.133	-77.650
37.109	-71.830
38.086	-70.807
39.062	-73.558
40.039	-75.740
41.016	-71.201
41.992	-69.425
42.969	-71.024
43.945	-67.591
44.922	-64.416
45.898	-63.963
46.875	-65.974
47.852	-67.996
48.828	-69.078
49.805	-72.000
50.781	-62.517
51.758	-54.944
52.734	-54.174
53.711	-60.159
54.687	-73.664
55.664	-81.202
56.641	-80.537
57.617	-79.138
58.594	-77.615
59.570	-75.346
60.547	-72.282
61.523	-60.365
62.500	-54.638
63.477	-55.667
64.453	-63.663
65.430	-77.921
66.406	-73.041
67.383	-69.972
68.359	-72.171
69.336	-77.762
70.312	-76.933
71.289	-71.677
72.266	-62.146
73.242	-58.448
74.219	-61.335
75.195	-70.513
76.172	-74.452
77.148	-74.458
78.125	-77.562
79.102	-80.267
80.078	-77.656
81.055	-75.205
82.031	-70.707
83.008	-62.699
83.984	-60.518
84.961	-63.493
85.937	-67.126
86.914	-70.971
87.891	-74.975
88.867	-76.863
89.844	-81.390
90.820	-85.935
91.797	-81.460
92.773	-70.454
93.750	-63.681
94.727	-63.504
95.703	-70.048
96.680	-82.207
97.656	-83.212
98.633	-83.900
99.609	-85.053
100.586	-84.130
101.563	-82.942
102.539	-76.492
103.516	-68.043
104.492	-63.951
105.469	-65.451
106.445	-69.213
107.422	-70.042
108.398	-71.142
109.375	-73.547
110.352	-77.556
111.328	-81.096
112.305	-79.009
113.281	-73.741
114.258	-66.638
115.234	-63.693
116.211	-66.791
117.188	-65.509
118.164	-46.389
119.141	-36.841
120.117	-34.483
121.094	-38.834
122.070	-50.675
123.047	-58.960
124.023	-59.712
125.000	-59.071
125.977	-58.330
126.953	-63.792
127.930	-76.751
128.906	-83.989
129.883	-80.784
130.859	-78.991
131.836	-81.831
132.813	-87.175
133.789	-73.000
134.766	-58.836
135.742	-52.698
136.719	-53.315
137.695	-60.806
138.672	-76.480
139.648	-84.294
140.625	-80.343
141.602	-77.598
142.578	-73.741
143.555	-70.989
144.531	-68.079
145.508	-62.252
146.484	-58.901
147.461	-61.411
148.438	-69.208
149.414	-75.258
150.391	-77.797
151.367	-74.864
152.344	-69.278
153.320	-68.584
154.297	-72.929
155.273	-67.391
156.250	-58.830
157.227	-56.766
158.203	-61.170
159.180	-64.563
160.156	-56.602
161.133	-53.492
162.109	-55.502
163.086	-62.393
164.063	-72.759
165.039	-74.446
166.016	-62.199
166.992	-55.120
167.969	-54.685
168.945	-60.947
169.922	-74.534
170.898	-81.678
171.875	-79.908
172.852	-80.943
173.828	-82.454
174.805	-82.454
175.781	-70.048
176.758	-57.084
177.734	-51.728
178.711	-53.039
179.688	-61.088
180.664	-72.906
181.641	-78.380
182.617	-78.462
183.594	-78.086
184.570	-80.149
185.547	-80.132
186.523	-75.945
187.500	-66.967
188.477	-63.434
189.453	-66.379
190.430	-72.618
191.406	-72.218
192.383	-58.813
193.359	-49.588
194.336	-47.259
195.313	-51.416
196.289	-61.858
197.266	-59.183
198.242	-52.727
199.219	-51.593
200.195	-55.632
201.172	-62.058
202.148	-68.267
203.125	-76.281
204.102	-82.201
205.078	-82.771
206.055	-84.912
207.031	-79.097
208.008	-66.080
208.984	-59.483
209.961	-59.530
210.938	-66.109
211.914	-77.703
212.891	-83.283
213.867	-82.848
214.844	-79.896
215.820	-79.062
216.797	-79.849
217.773	-72.612
218.750	-61.035
219.727	-56.390
220.703	-58.354
221.680	-67.256
222.656	-81.078
223.633	-83.530
224.609	-83.512
225.586	-81.390
226.563	-80.643
227.539	-78.397
228.516	-62.605
229.492	-52.663
230.469	-49.870
231.445	-53.668
232.422	-64.574
233.398	-73.864
234.375	-70.436
235.352	-68.449
236.328	-65.897
237.305	-63.105
238.281	-62.475
239.258	-60.353
240.234	-55.579
241.211	-55.179
242.188	-60.988
243.164	-72.365
244.141	-78.991
245.117	-84.453
246.094	-84.212
247.070	-82.948
248.047	-83.054
249.023	-78.562
250.000	-66.650
250.977	-60.870
251.953	-61.517
252.930	-68.384
253.906	-75.369
254.883	-74.864
255.859	-76.422
256.836	-76.745
257.813	-74.975
258.789	-76.110
259.766	-75.287
260.742	-68.114
261.719	-64.410
262.695	-66.962
263.672	-75.634
264.648	-81.584
265.625	-78.603
266.602	-76.016
267.578	-72.418
268.555	-71.459
269.531	-75.722
270.508	-71.941
271.484	-63.240
272.461	-61.229
273.438	-65.045
274.414	-63.804
275.391	-57.219
276.367	-55.297
277.344	-58.530
278.320	-66.903
279.297	-75.675
280.273	-72.130
281.250	-60.518
282.227	-53.750
283.203	-53.480
284.180	-59.859
285.156	-73.306
286.133	-78.662
287.109	-77.603
288.086	-79.179
289.063	-79.891
290.039	-77.815
291.016	-66.462
291.992	-54.573
292.969	-49.670
293.945	-51.269
294.922	-59.600
295.898	-71.459
296.875	-70.818
297.852	-67.197
298.828	-64.028
299.805	-63.981
300.781	-66.203
301.758	-53.615
302.734	-43.538
303.711	-40.439
304.688	-43.796
305.664	-52.598
306.641	-52.833
307.617	-51.657
308.594	-51.498
309.570	-49.911
310.547	-45.284
311.523	-25.423
312.500	-9.166
313.477	-1.064
314.453	0.000
315.430	-4.903
316.406	-17.533
317.383	-37.876
318.359	-48.494
319.336	-50.681
320.313	-51.534
321.289	-51.957
322.266	-54.033
323.242	-46.624
324.219	-40.616
325.195	-41.056
326.172	-48.135
327.148	-62.687
328.125	-67.779
329.102	-64.304
330.078	-64.963
331.055	-69.208
332.031	-73.946
333.008	-64.563
333.984	-53.692
334.961	-49.476
335.938	-51.663
336.914	-60.718
337.891	-77.874
338.867	-83.212
339.844	-81.596
340.820	-78.768
341.797	-79.749
342.773	-78.526
343.750	-63.863
344.727	-54.691
345.703	-52.239
346.680	-56.155
347.656	-66.180
348.633	-75.310
349.609	-68.384
350.586	-60.235
351.563	-56.531
352.539	-56.784
353.516	-60.000
354.492	-63.052
355.469	-58.283
356.445	-57.707
357.422	-63.475
358.398	-70.125
359.375	-64.239
360.352	-63.487
361.328	-69.096
362.305	-76.910
363.281	-78.603
364.258	-74.599
365.234	-63.469
366.211	-58.319
367.188	-59.518
368.164	-66.673
369.141	-75.063
370.117	-77.715
371.094	-77.715
372.070	-75.763
373.047	-75.252
374.023	-76.275
375.000	-70.037
375.977	-60.471
376.953	-57.131
377.930	-60.141
378.906	-70.001
379.883	-81.790
380.859	-79.555
381.836	-79.838
382.813	-81.249
383.789	-80.155
384.766	-76.398
385.742	-67.273
386.719	-59.301
387.695	-57.572
388.672	-61.106
389.648	-62.822
