0.000	-36.024
0.977	-39.363
1.953	-50.158
2.930	-72.212
3.906	-91.873
4.883	-102.615
5.859	-101.698
6.836	-102.838
7.812	-99.181
8.789	-93.249
9.766	-92.290
10.742	-100.163
11.719	-100.198
12.695	-92.837
13.672	-95.383
14.648	-113.198
15.625	-101.315
16.602	-100.857
17.578	-103.608
18.555	-105.161
19.531	-107.418
20.508	-114.391
21.484	-111.305
22.461	-114.391
23.437	-114.391
24.414	-107.336
25.391	-102.350
26.367	-105.725
27.344	-107.748
28.320	-101.868
29.297	-104.496
30.273	-114.391
31.250	-114.391
32.227	-110.576
33.203	-102.826
34.180	-102.762
35.156	-106.336
36.133	-110.493
37.109	-112.898
38.086	-105.602
39.062	-109.476
40.039	-110.035
41.016	-107.624
41.992	-114.391
42.969	-114.391
43.945	-114.391
44.922	-111.117
45.898	-107.836
46.875	-107.389
47.852	-105.413
48.828	-108.106
49.805	-111.928
50.781	-110.017
51.758	-114.391
52.734	-108.083
53.711	-106.001
54.687	-109.594
55.664	-110.499
56.641	-110.017
57.617	-96.024
58.594	-81.737
59.570	-75.551
60.547	-76.239
61.523	-84.112
62.500	-105.466
63.477	-109.482
64.453	-108.635
65.430	-108.288
66.406	-106.607
67.383	-107.889
68.359	-109.617
69.336	-114.391
70.312	-112.410
71.289	-112.486
72.266	-112.192
73.242	-112.998
74.219	-112.998
75.195	-113.198
76.172	-114.391
77.148	-114.391
78.125	-114.391
79.102	-114.391
80.078	-114.391
81.055	-113.521
82.031	-110.958
83.008	-107.836
83.984	-109.388
84.961	-108.912
85.937	-114.391
86.914	-114.391
87.891	-114.391
88.867	-112.410
89.844	-109.065
90.820	-108.488
91.797	-110.576
92.773	-110.093
93.750	-114.391
94.727	-114.391
95.703	-112.851
96.680	-111.810
97.656	-113.827
98.633	-114.391
99.609	-110.035
100.586	-105.901
101.563	-106.366
102.539	-112.851
103.516	-114.391
104.492	-114.391
105.469	-114.391
106.445	-112.851
107.422	-107.671
108.398	-107.471
109.375	-104.873
110.352	-107.483
111.328	-112.792
112.305	-114.391
113.281	-114.391
114.258	-114.391
115.234	-114.391
116.211	-112.110
117.188	-112.192
118.164	-101.927
119.141	-93.460
120.117	-90.538
121.094	-94.536
122.070	-104.961
123.047	-113.868
124.023	-114.391
125.000	-113.198
125.977	-109.194
126.953	-110.305
127.930	-111.117
128.906	-114.391
129.883	-111.622
130.859	-111.646
131.836	-114.391
132.813	-113.163
133.789	-113.427
134.766	-114.391
135.742	-110.728
136.719	-112.610
137.695	-114.391
138.672	-114.391
139.648	-110.517
140.625	-109.682
141.602	-114.391
142.578	-114.391
143.555	-114.391
144.531	-114.391
145.508	-112.081
146.484	-111.316
147.461	-111.046
148.438	-114.391
149.414	-113.868
150.391	-114.391
151.367	-114.391
152.344	-114.391
153.320	-112.792
154.297	-114.391
155.273	-111.869
156.250	-112.851
157.227	-114.391
158.203	-114.391
159.180	-114.391
160.156	-110.276
161.133	-105.713
162.109	-108.030
163.086	-108.800
164.063	-113.856
165.039	-114.391
166.016	-113.427
166.992	-109.682
167.969	-112.851
168.945	-113.163
169.922	-114.391
170.898	-114.391
171.875	-109.870
172.852	-114.391
173.828	-114.391
174.805	-114.391
175.781	-110.093
176.758	-110.329
177.734	-107.718
178.711	-104.026
179.688	-100.810
180.664	-102.962
181.641	-109.459
182.617	-112.998
183.594	-114.391
184.570	-113.868
185.547	-112.022
186.523	-108.365
187.500	-109.482
188.477	-112.539
189.453	-114.391
190.430	-114.391
191.406	-114.391
192.383	-113.827
193.359	-110.958
194.336	-114.391
195.313	-114.391
196.289	-114.391
197.266	-114.391
198.242	-114.391
199.219	-114.391
200.195	-114.391
201.172	-111.446
202.148	-114.391
203.125	-114.391
204.102	-112.851
205.078	-110.728
206.055	-112.192
207.031	-111.240
208.008	-114.391
208.984	-114.391
209.961	-114.391
210.938	-114.391
211.914	-114.391
212.891	-114.391
213.867	-113.357
214.844	-114.391
215.820	-114.391
216.797	-114.391
217.773	-114.391
218.750	-114.391
219.727	-111.122
220.703	-112.710
221.680	-111.211
222.656	-114.244
223.633	-114.391
224.609	-114.391
225.586	-111.211
226.563	-114.391
227.539	-111.240
228.516	-109.388
229.492	-113.809
230.469	-114.391
231.445	-114.391
232.422	-114.391
233.398	-114.391
234.375	-114.391
235.352	-113.468
236.328	-114.391
237.305	-114.391
238.281	-113.868
239.258	-106.384
240.234	-104.755
241.211	-105.413
242.188	-109.182
243.164	-110.728
244.141	-114.391
245.117	-114.391
246.094	-114.391
247.070	-114.391
248.047	-114.391
249.023	-110.958
250.000	-110.346
250.977	-113.163
251.953	-114.391
252.930	-114.391
253.906	-114.391
254.883	-114.391
255.859	-114.391
256.836	-114.391
257.813	-114.391
258.789	-114.391
259.766	-114.391
260.742	-114.391
261.719	-114.056
262.695	-114.391
263.672	-113.357
264.648	-113.468
265.625	-114.391
266.602	-114.391
267.578	-114.391
268.555	-114.391
269.531	-114.391
270.508	-114.327
271.484	-114.391
272.461	-114.391
273.438	-113.868
274.414	-114.391
275.391	-114.391
276.367	-112.539
277.344	-113.856
278.320	-114.391
279.297	-111.928
280.273	-110.928
281.250	-112.851
282.227	-112.345
283.203	-113.468
284.180	-114.391
285.156	-114.056
286.133	-114.391
287.109	-113.163
288.086	-114.391
289.063	-114.391
290.039	-114.391
291.016	-113.468
291.992	-112.998
292.969	-113.827
293.945	-113.868
294.922	-114.391
295.898	-114.391
296.875	-114.391
297.852	-113.427
298.828	-106.531
299.805	-107.189
300.781	-108.159
301.758	-114.391
302.734	-114.391
303.711	-114.391
304.688	-113.868
305.664	-113.827
306.641	-114.391
307.617	-113.868
308.594	-111.646
309.570	-110.093
310.547	-114.391
311.523	-114.391
312.500	-114.391
313.477	-114.391
314.453	-114.391
315.430	-114.391
316.406	-114.391
317.383	-113.521
318.359	-114.391
319.336	-114.391
320.313	-114.391
321.289	-113.521
322.266	-113.198
323.242	-112.110
324.219	-114.391
325.195	-114.391
326.172	-113.509
327.148	-111.446
328.125	-113.868
329.102	-114.391
330.078	-114.391
331.055	-113.521
332.031	-112.192
333.008	-114.391
333.984	-114.056
334.961	-114.391
335.938	-114.056
336.914	-112.610
337.891	-110.093
338.867	-110.329
339.844	-108.047
340.820	-109.482
341.797	-110.623
342.773	-114.391
343.750	-114.391
344.727	-114.391
345.703	-114.391
346.680	-114.391
347.656	-114.391
348.633	-114.391
349.609	-110.746
350.586	-112.457
351.563	-113.509
352.539	-114.391
353.516	-114.391
354.492	-114.391
355.469	-114.327
356.445	-114.391
357.422	-114.391
358.398	-114.391
359.375	-110.346
360.352	-112.022
361.328	-110.152
362.305	-113.827
363.281	-114.327
364.258	-111.810
365.234	-114.391
366.211	-111.211
367.188	-114.391
368.164	-114.391
369.141	-112.792
370.117	-114.391
371.094	-114.391
372.070	-114.391
373.047	-113.868
374.023	-114.391
375.000	-114.391
375.977	-114.391
376.953	-114.391
377.930	-114.244
378.906	-114.391
379.883	-114.391
380.859	-114.391
381.836	-114.391
382.813	-114.391
383.789	-114.391
384.766	-114.391
385.742	-114.391
386.719	-112.792
387.695	-114.391
388.672	-114.391
389.648	-114.327
