x	y
0.000	-38.452
0.244	-41.756
0.488	-51.546
0.732	-60.000
0.977	-66.673
1.221	-69.260
1.465	-77.680
1.709	-85.488
1.953	-83.136
2.197	-85.794
2.441	-81.202
2.686	-82.601
2.930	-87.798
3.174	-83.630
3.418	-88.639
3.662	-87.352
3.906	-82.819
4.150	-83.018
4.395	-85.988
4.639	-93.866
4.883	-100.198
5.127	-95.895
5.371	-101.821
5.615	-87.116
5.859	-85.993
6.104	-96.000
6.348	-96.594
6.592	-93.325
6.836	-87.187
7.080	-85.235
7.324	-85.347
7.568	-90.609
7.812	-94.125
8.057	-101.621
8.301	-93.566
8.545	-88.228
8.789	-87.534
9.033	-89.157
9.277	-93.161
9.521	-97.458
9.766	-91.461
10.010	-96.141
10.254	-97.317
10.498	-90.744
10.742	-90.509
10.986	-91.755
11.230	-93.901
11.475	-92.855
11.719	-97.870
11.963	-94.554
12.207	-103.132
12.451	-98.035
12.695	-110.958
12.940	-103.256
13.184	-102.215
13.428	-98.670
13.672	-102.474
13.916	-114.391
14.160	-114.391
14.404	-103.397
14.648	-101.709
14.893	-98.182
15.137	-95.242
15.381	-96.512
15.625	-96.288
15.869	-100.969
16.113	-112.081
16.357	-109.206
16.602	-98.382
16.846	-96.818
17.090	-98.593
17.334	-101.110
17.578	-110.858
17.822	-100.175
18.066	-102.415
18.311	-100.181
18.555	-97.329
18.799	-93.266
19.043	-94.431
19.287	-98.940
19.531	-94.801
19.775	-94.989
20.020	-97.217
20.264	-99.328
20.508	-100.957
20.752	-100.210
20.996	-100.533
21.240	-96.118
21.484	-93.249
21.729	-93.366
21.973	-96.453
22.217	-97.805
22.461	-102.562
22.705	-107.718
22.949	-104.667
23.193	-103.849
23.437	-102.921
23.682	-104.020
23.926	-110.276
24.170	-107.295
24.414	-105.296
24.658	-100.716
24.902	-100.498
25.146	-105.455
25.391	-103.732
25.635	-102.891
25.879	-104.049
26.123	-102.856
26.367	-106.654
26.611	-112.192
26.855	-105.014
27.100	-105.425
27.344	-100.757
27.588	-100.957
27.832	-101.215
28.076	-101.462
28.320	-101.927
28.564	-100.951
28.809	-97.470
29.053	-98.005
29.297	-100.563
29.541	-114.391
29.785	-99.375
30.029	-98.670
30.273	-101.686
30.518	-100.939
30.762	-114.391
31.006	-99.887
31.250	-103.026
31.494	-100.433
31.738	-98.940
31.982	-106.095
32.227	-108.030
32.471	-114.391
32.715	-101.880
32.959	-99.146
33.203	-100.422
33.447	-99.399
33.691	-99.875
33.935	-114.391
34.180	-108.541
34.424	-101.210
34.668	-97.564
34.912	-100.592
35.156	-106.478
35.400	-106.336
35.645	-114.391
35.889	-107.066
36.133	-106.877
36.377	-104.114
36.621	-98.922
36.865	-99.881
37.109	-101.598
37.353	-103.179
37.598	-103.209
37.842	-102.809
38.086	-113.198
38.330	-104.161
38.574	-103.949
38.818	-106.325
39.062	-109.682
39.307	-107.859
39.551	-109.335
39.795	-110.623
40.039	-104.314
40.283	-103.250
40.527	-109.700
40.772	-102.315
41.016	-99.975
41.260	-100.551
41.504	-102.856
41.748	-101.504
41.992	-100.357
42.236	-103.667
42.480	-101.504
42.725	-101.692
42.969	-104.761
43.213	-101.116
43.457	-103.526
43.701	-104.008
43.945	-103.120
44.190	-103.732
44.434	-104.114
44.678	-102.080
44.922	-99.346
45.166	-99.058
45.410	-105.296
45.654	-110.958
45.898	-111.211
46.143	-113.163
46.387	-108.918
46.631	-106.266
46.875	-114.391
47.119	-106.325
47.363	-103.555
47.607	-103.702
47.852	-105.125
48.096	-113.509
48.340	-110.093
48.584	-114.327
48.828	-106.989
49.072	-107.859
49.316	-109.870
49.560	-105.901
49.805	-106.213
50.049	-106.219
50.293	-104.073
50.537	-101.880
50.781	-102.286
51.025	-108.171
51.270	-114.391
51.514	-114.391
51.758	-108.935
52.002	-109.106
52.246	-114.391
52.490	-109.747
52.734	-108.871
52.978	-104.337
53.223	-109.182
53.467	-114.391
53.711	-114.391
53.955	-107.848
54.199	-102.627
54.443	-103.508
54.687	-106.989
54.932	-114.391
55.176	-105.925
55.420	-101.110
55.664	-101.298
55.908	-105.613
56.152	-114.327
56.397	-112.345
56.641	-102.327
56.885	-100.198
57.129	-104.943
57.373	-109.476
57.617	-104.873
57.861	-103.314
58.105	-104.073
58.350	-108.106
58.594	-112.022
58.838	-106.519
59.082	-112.851
59.326	-101.574
59.570	-79.032
59.815	-68.931
60.059	-66.244
60.303	-70.178
60.547	-81.484
60.791	-100.839
61.035	-112.898
61.279	-103.250
61.523	-103.949
61.768	-107.418
62.012	-114.391
62.256	-110.958
62.500	-106.877
62.744	-111.869
62.988	-113.521
63.232	-108.782
63.477	-114.391
63.721	-109.194
63.965	-111.316
64.209	-110.858
64.453	-111.446
64.697	-109.823
64.941	-105.713
65.186	-111.628
65.430	-113.827
65.674	-110.093
65.918	-112.610
66.162	-106.748
66.406	-103.038
66.650	-106.472
66.894	-107.507
67.139	-103.179
67.383	-106.642
67.627	-108.488
67.871	-110.093
68.115	-109.447
68.359	-114.391
68.603	-105.784
68.848	-102.209
69.092	-100.810
69.336	-102.327
69.580	-105.725
69.824	-105.602
70.068	-104.414
70.312	-108.541
70.557	-112.192
70.801	-114.391
71.045	-114.391
71.289	-114.391
71.533	-114.391
71.777	-109.782
72.022	-107.571
72.266	-113.357
72.510	-111.305
72.754	-106.501
72.998	-108.318
73.242	-110.346
73.486	-114.391
73.731	-114.391
73.975	-113.468
74.219	-113.521
74.463	-110.746
74.707	-114.391
74.951	-110.958
75.195	-107.624
75.439	-109.194
75.684	-111.093
75.928	-114.056
76.172	-114.391
76.416	-112.998
76.660	-113.468
76.904	-114.391
77.148	-112.410
77.393	-113.521
77.637	-113.468
77.881	-114.391
78.125	-105.725
78.369	-106.131
78.613	-105.466
78.857	-104.390
79.102	-112.081
79.346	-113.357
79.590	-114.391
79.834	-107.265
80.078	-103.867
80.322	-104.955
80.566	-106.060
80.811	-111.628
81.055	-109.065
81.299	-108.294
81.543	-114.391
81.787	-112.410
82.031	-114.391
82.275	-108.782
82.519	-111.593
82.764	-108.230
83.008	-110.576
83.252	-108.800
83.496	-109.782
83.740	-109.070
83.984	-113.468
84.228	-114.391
84.473	-108.288
84.717	-104.126
84.961	-103.185
85.205	-104.049
85.449	-111.316
85.693	-114.391
85.937	-105.937
86.182	-107.066
86.426	-112.110
86.670	-114.391
86.914	-109.511
87.158	-104.561
87.402	-103.450
87.647	-109.782
87.891	-114.391
88.135	-104.337
88.379	-106.060
88.623	-112.851
88.867	-107.136
89.111	-109.029
89.356	-111.122
89.600	-114.391
89.844	-111.305
90.088	-114.391
90.332	-114.391
90.576	-108.012
90.820	-104.908
91.064	-107.189
91.309	-107.848
91.553	-113.186
91.797	-107.554
92.041	-112.710
92.285	-105.478
92.529	-101.139
92.773	-103.050
93.018	-104.737
93.262	-110.958
93.506	-114.391
93.750	-112.457
93.994	-109.335
94.238	-111.810
94.482	-114.391
94.727	-112.851
94.971	-112.345
95.215	-111.810
95.459	-114.391
95.703	-114.391
95.947	-113.886
96.191	-114.327
96.436	-109.459
96.680	-109.012
96.924	-107.113
97.168	-108.947
97.412	-114.391
