0.000	-37.499
0.244	-40.839
0.488	-51.622
0.732	-71.312
0.977	-74.393
1.221	-79.232
1.465	-89.315
1.709	-86.205
1.953	-79.473
2.197	-79.697
2.441	-72.865
2.686	-65.733
2.930	-66.726
3.174	-75.546
3.418	-83.201
3.662	-80.261
3.906	-89.068
4.150	-82.501
4.395	-79.426
4.639	-76.639
4.883	-78.744
5.127	-82.072
5.371	-71.724
5.615	-71.618
5.859	-77.739
6.104	-84.688
6.348	-86.340
6.592	-90.186
6.836	-99.987
7.080	-98.981
7.324	-84.306
7.568	-84.335
7.812	-90.186
8.057	-81.113
8.301	-88.716
8.545	-85.182
8.789	-90.180
9.033	-84.612
9.277	-85.976
9.521	-90.709
9.766	-84.759
10.010	-83.524
10.254	-81.649
10.498	-80.720
10.742	-83.324
10.986	-77.686
11.230	-77.821
11.475	-83.412
11.719	-76.451
11.963	-74.423
12.207	-76.880
12.451	-81.402
12.695	-79.844
12.940	-79.561
13.184	-85.429
13.428	-78.550
13.672	-75.628
13.916	-78.180
14.160	-90.474
14.404	-88.563
14.648	-85.829
14.893	-90.773
15.137	-96.747
15.381	-89.292
15.625	-83.900
15.869	-88.974
16.113	-89.486
16.357	-87.405
16.602	-95.718
16.846	-93.078
17.090	-93.890
17.334	-83.783
17.578	-83.747
17.822	-86.411
18.066	-87.998
18.311	-93.196
18.555	-97.153
18.799	-87.898
19.043	-83.812
19.287	-83.248
19.531	-86.717
19.775	-100.704
20.020	-89.533
20.264	-89.039
20.508	-106.007
20.752	-92.931
20.996	-101.592
21.240	-96.588
21.484	-93.660
21.729	-97.247
21.973	-105.466
22.217	-100.075
22.461	-96.559
22.705	-92.126
22.949	-89.227
23.193	-90.509
23.437	-96.183
23.682	-94.913
23.926	-96.829
24.170	-100.328
24.414	-110.305
24.658	-101.227
24.902	-95.195
25.146	-97.447
25.391	-100.857
25.635	-97.799
25.879	-94.566
26.123	-97.505
26.367	-109.682
26.611	-101.092
26.855	-98.652
27.100	-95.218
27.344	-98.899
27.588	-104.573
27.832	-99.593
28.076	-101.992
28.320	-107.947
28.564	-113.868
28.809	-107.965
29.053	-108.565
29.297	-100.392
29.541	-97.582
29.785	-97.065
30.029	-100.580
30.273	-101.163
30.518	-103.726
30.762	-111.410
31.006	-108.288
31.250	-100.810
31.494	-100.880
31.738	-102.074
31.982	-101.774
32.227	-100.939
32.471	-101.345
32.715	-98.158
32.959	-101.304
33.203	-106.336
33.447	-102.762
33.691	-107.718
33.935	-108.912
34.180	-100.069
34.424	-99.557
34.668	-101.486
34.912	-101.750
35.156	-101.874
35.400	-109.206
35.645	-111.093
35.889	-102.962
36.133	-106.819
36.377	-109.070
36.621	-108.541
36.865	-105.613
37.109	-100.580
37.353	-99.575
37.598	-100.198
37.842	-100.386
38.086	-99.269
38.330	-99.422
38.574	-97.223
38.818	-101.121
39.062	-106.001
39.307	-101.545
39.551	-101.627
39.795	-103.985
40.039	-108.871
40.283	-114.391
40.527	-111.211
40.772	-107.848
41.016	-106.001
41.260	-110.576
41.504	-105.860
41.748	-104.308
41.992	-105.613
42.236	-103.162
42.480	-101.327
42.725	-103.091
42.969	-105.125
43.213	-110.746
43.457	-101.080
43.701	-97.253
43.945	-97.852
44.190	-102.497
44.434	-112.022
44.678	-113.521
44.922	-113.868
45.166	-107.965
45.410	-108.171
45.654	-114.391
45.898	-110.746
46.143	-107.965
46.387	-109.070
46.631	-110.346
46.875	-107.066
47.119	-105.937
47.363	-112.851
47.607	-114.391
47.852	-108.171
48.096	-111.234
48.340	-114.327
48.584	-103.579
48.828	-104.955
49.072	-110.346
49.316	-107.001
49.560	-114.391
49.805	-106.019
50.049	-105.014
50.293	-107.642
50.537	-107.748
50.781	-112.192
51.025	-114.391
51.270	-112.110
51.514	-105.413
51.758	-98.029
52.002	-96.065
52.246	-97.711
52.490	-99.140
52.734	-101.968
52.978	-101.798
53.223	-103.379
53.467	-109.065
53.711	-105.848
53.955	-114.391
54.199	-104.255
54.443	-101.163
54.687	-102.744
54.932	-103.508
55.176	-96.876
55.420	-95.665
55.664	-96.441
55.908	-95.859
56.152	-95.236
56.397	-95.542
56.641	-100.163
56.885	-104.661
57.129	-90.250
57.373	-87.246
57.617	-89.656
57.861	-91.573
58.105	-85.317
58.350	-86.293
58.594	-96.918
58.838	-93.743
59.082	-87.704
59.326	-83.454
59.570	-63.240
59.815	-53.104
60.059	-50.411
60.303	-54.515
60.547	-66.309
60.791	-85.182
61.035	-87.746
61.279	-92.661
61.523	-100.504
61.768	-88.239
62.012	-88.675
62.256	-95.900
62.500	-84.130
62.744	-80.590
62.988	-83.600
63.232	-93.813
63.477	-114.391
63.721	-108.159
63.965	-113.198
64.209	-114.391
64.453	-104.584
64.697	-102.850
64.941	-103.697
65.186	-112.998
65.430	-97.476
65.674	-94.542
65.918	-100.357
66.162	-110.746
66.406	-107.001
66.650	-101.680
66.894	-98.940
67.139	-99.457
67.383	-98.911
67.627	-100.198
67.871	-102.715
68.115	-100.216
68.359	-98.817
68.603	-103.585
68.848	-109.182
69.092	-110.093
69.336	-109.988
69.580	-106.195
69.824	-105.284
70.068	-107.483
70.312	-110.346
70.557	-113.509
70.801	-114.391
71.045	-113.868
71.289	-114.391
71.533	-109.511
71.777	-108.635
72.022	-109.335
72.266	-114.391
72.510	-114.391
72.754	-114.327
72.998	-114.391
73.242	-107.507
73.486	-109.029
73.731	-111.211
73.975	-111.928
74.219	-113.509
74.463	-109.988
74.707	-105.725
74.951	-110.276
75.195	-110.152
75.439	-109.335
75.684	-107.624
75.928	-113.992
76.172	-107.748
76.416	-108.541
76.660	-107.336
76.904	-110.958
77.148	-110.305
77.393	-110.152
77.637	-111.240
77.881	-114.391
78.125	-109.511
78.369	-111.628
78.613	-111.810
78.857	-110.746
79.102	-114.391
79.346	-113.886
79.590	-112.792
79.834	-108.635
80.078	-105.937
80.322	-106.195
80.566	-107.848
80.811	-114.391
81.055	-114.391
81.299	-114.391
81.543	-112.081
81.787	-114.391
82.031	-111.928
82.275	-108.653
82.519	-109.823
82.764	-113.509
83.008	-110.305
83.252	-107.624
83.496	-107.571
83.740	-107.612
83.984	-114.391
84.228	-110.746
84.473	-106.184
84.717	-105.202
84.961	-108.418
85.205	-114.391
85.449	-114.391
85.693	-113.163
85.937	-114.391
86.182	-110.746
86.426	-114.391
86.670	-114.391
86.914	-111.628
87.158	-106.877
87.402	-108.012
87.647	-106.366
87.891	-108.306
88.135	-113.827
88.379	-111.240
88.623	-111.628
88.867	-111.657
89.111	-114.391
89.356	-114.391
89.600	-114.391
89.844	-114.391
90.088	-112.192
90.332	-110.517
90.576	-105.014
90.820	-106.195
91.064	-109.870
91.309	-114.391
91.553	-114.391
91.797	-111.046
92.041	-108.765
92.285	-106.877
92.529	-110.576
92.773	-112.110
93.018	-114.391
93.262	-112.192
93.506	-114.391
93.750	-114.391
93.994	-114.391
94.238	-114.391
94.482	-114.391
94.727	-114.391
94.971	-114.391
95.215	-114.391
95.459	-114.391
95.703	-114.391
95.947	-114.391
96.191	-114.391
96.436	-111.622
96.680	-114.391
96.924	-114.391
97.168	-114.391
97.412	-114.391
