0.000	-60.424
0.244	-57.813
0.488	-58.971
0.732	-60.429
0.977	-60.665
1.221	-62.858
1.465	-66.303
1.709	-69.025
1.953	-70.213
2.197	-74.164
2.441	-75.187
2.686	-79.085
2.930	-82.454
3.174	-76.069
3.418	-72.582
3.662	-70.607
3.906	-70.389
4.150	-71.501
4.395	-74.317
4.639	-80.637
4.883	-86.052
5.127	-82.042
5.371	-81.460
5.615	-83.471
5.859	-89.121
6.104	-89.786
6.348	-83.930
6.592	-85.364
6.836	-91.996
7.080	-94.542
7.324	-93.360
7.568	-91.932
7.812	-91.026
8.057	-87.416
8.301	-83.612
8.545	-82.724
8.789	-83.448
9.033	-84.565
9.277	-85.864
9.521	-96.488
9.766	-89.515
10.010	-84.094
10.254	-82.695
10.498	-83.013
10.742	-81.978
10.986	-82.084
11.230	-84.112
11.475	-86.640
11.719	-96.259
11.963	-88.916
12.207	-83.747
12.451	-82.066
12.695	-82.019
12.940	-83.683
13.184	-83.483
13.428	-83.795
13.672	-89.262
13.916	-103.949
14.160	-91.961
14.404	-91.361
14.648	-90.915
14.893	-94.625
15.137	-90.862
15.381	-89.092
15.625	-89.104
15.869	-88.516
16.113	-90.144
16.357	-96.724
16.602	-101.686
16.846	-98.299
17.090	-104.255
17.334	-92.337
17.578	-88.874
17.822	-87.928
18.066	-88.869
18.311	-91.720
18.555	-93.325
18.799	-94.142
19.043	-98.476
19.287	-97.300
19.531	-92.390
19.775	-88.439
20.020	-86.599
20.264	-89.362
20.508	-93.725
20.752	-94.201
20.996	-99.487
21.240	-103.667
21.484	-98.305
21.729	-92.755
21.973	-89.221
22.217	-88.063
22.461	-90.050
22.705	-96.465
22.949	-104.561
23.193	-96.970
23.437	-97.388
23.682	-99.875
23.926	-95.959
24.170	-94.278
24.414	-94.054
24.658	-91.320
24.902	-89.886
25.146	-91.156
25.391	-92.531
25.635	-94.336
25.879	-97.253
26.123	-92.543
26.367	-91.356
26.611	-89.521
26.855	-88.874
27.100	-92.814
27.344	-101.574
27.588	-106.384
27.832	-99.022
28.076	-97.117
28.320	-104.761
28.564	-94.530
28.809	-91.385
29.053	-92.655
29.297	-95.136
29.541	-97.899
29.785	-100.328
30.029	-102.962
30.273	-98.999
30.518	-104.543
30.762	-101.404
31.006	-93.537
31.250	-91.414
31.494	-92.514
31.738	-93.948
31.982	-96.230
32.227	-100.398
32.471	-97.294
32.715	-100.510
32.959	-114.391
33.203	-100.081
33.447	-97.388
33.691	-96.494
33.935	-94.683
34.180	-97.970
34.424	-105.860
34.668	-112.998
34.912	-111.046
35.156	-100.757
35.400	-94.813
35.645	-93.760
35.889	-96.024
36.133	-101.504
36.377	-102.315
36.621	-101.409
36.865	-100.075
37.109	-98.564
37.353	-99.616
37.598	-99.316
37.842	-96.965
38.086	-96.388
38.330	-98.723
38.574	-99.581
38.818	-96.300
39.062	-97.417
39.307	-102.180
39.551	-102.574
39.795	-103.579
40.039	-101.092
40.283	-97.770
40.527	-97.605
40.772	-97.694
41.016	-101.521
41.260	-101.574
41.504	-100.904
41.748	-100.304
41.992	-99.075
42.236	-94.195
42.480	-93.043
42.725	-94.495
42.969	-96.970
43.213	-97.188
43.457	-100.198
43.701	-109.782
43.945	-106.213
44.190	-99.593
44.434	-97.082
44.678	-96.671
44.922	-96.318
45.166	-96.988
45.410	-97.535
45.654	-99.693
45.898	-108.318
46.143	-101.392
46.387	-100.057
46.631	-101.380
46.875	-105.613
47.119	-104.173
47.363	-101.157
47.607	-102.991
47.852	-99.975
48.096	-96.265
48.340	-97.112
48.584	-100.645
48.828	-110.664
49.072	-110.958
49.316	-109.476
49.560	-100.998
49.805	-99.722
50.049	-102.826
50.293	-105.008
50.537	-108.982
50.781	-108.288
51.025	-99.604
51.270	-97.106
51.514	-95.642
51.758	-98.158
52.002	-104.408
52.246	-106.678
52.490	-102.538
52.734	-98.340
52.978	-97.682
53.223	-99.628
53.467	-99.246
53.711	-100.081
53.955	-99.140
54.199	-101.545
54.443	-101.474
54.687	-99.428
54.932	-97.635
55.176	-99.281
55.420	-111.657
55.664	-100.645
55.908	-97.482
56.152	-98.041
56.397	-100.245
56.641	-99.528
56.885	-99.975
57.129	-101.486
57.373	-100.210
57.617	-102.415
57.861	-108.918
58.105	-103.132
58.350	-105.190
58.594	-106.431
58.838	-104.267
59.082	-110.152
59.326	-97.323
59.570	-78.133
59.815	-68.478
60.059	-65.974
60.303	-70.060
60.547	-81.472
60.791	-97.600
61.035	-113.427
61.279	-100.945
61.523	-97.276
61.768	-101.980
62.012	-107.642
62.256	-101.116
62.500	-101.492
62.744	-101.874
62.988	-100.921
63.232	-100.757
63.477	-100.040
63.721	-104.396
63.965	-114.244
64.209	-103.167
64.453	-102.297
64.697	-103.955
64.941	-107.859
65.186	-109.347
65.430	-105.431
65.674	-102.238
65.918	-102.327
66.162	-101.621
66.406	-105.643
66.650	-114.391
66.894	-102.921
67.139	-99.293
67.383	-101.051
67.627	-104.220
67.871	-106.836
68.115	-103.932
68.359	-103.397
68.603	-102.568
68.848	-103.303
69.092	-109.782
69.336	-105.725
69.580	-104.190
69.824	-104.049
70.068	-102.668
70.312	-109.482
70.557	-114.391
70.801	-114.391
71.045	-108.782
71.289	-104.920
71.533	-106.384
71.777	-107.612
72.022	-108.635
72.266	-104.102
72.510	-102.009
72.754	-104.873
72.998	-113.468
73.242	-113.186
73.486	-106.519
73.731	-105.731
73.975	-103.867
74.219	-111.022
74.463	-105.607
74.707	-101.127
74.951	-103.103
75.195	-108.365
75.439	-114.391
75.684	-107.718
75.928	-108.947
76.172	-108.635
76.416	-110.346
76.660	-109.065
76.904	-107.554
77.148	-108.918
77.393	-106.501
77.637	-103.403
77.881	-103.256
78.125	-104.161
78.369	-107.142
78.613	-112.410
78.857	-112.081
79.102	-110.346
79.346	-107.718
79.590	-112.851
79.834	-104.667
80.078	-99.940
80.322	-101.927
80.566	-114.391
80.811	-107.836
81.055	-110.305
81.299	-113.427
81.543	-103.949
81.787	-103.467
82.031	-105.037
82.275	-101.351
82.519	-101.121
82.764	-102.891
83.008	-104.126
83.252	-102.744
83.496	-103.132
83.740	-107.189
83.984	-111.305
84.228	-107.554
84.473	-107.953
84.717	-100.292
84.961	-98.893
85.205	-101.839
85.449	-104.073
85.693	-108.189
85.937	-110.728
86.182	-112.610
86.426	-106.554
86.670	-104.849
86.914	-103.003
87.158	-104.714
87.402	-104.020
87.647	-107.624
87.891	-112.851
88.135	-105.261
88.379	-104.079
88.623	-105.296
88.867	-106.060
89.111	-105.884
89.356	-105.196
89.600	-112.610
89.844	-103.285
90.088	-99.452
90.332	-99.316
90.576	-101.686
90.820	-108.918
91.064	-107.848
91.309	-105.884
91.553	-104.008
91.797	-103.714
92.041	-103.085
92.285	-106.531
92.529	-106.960
92.773	-107.101
93.018	-114.391
93.262	-111.657
93.506	-104.214
93.750	-100.998
93.994	-101.157
94.238	-99.575
94.482	-101.210
94.727	-102.221
94.971	-104.220
95.215	-109.182
95.459	-113.468
95.703	-106.531
95.947	-105.607
96.191	-102.115
96.436	-100.610
96.680	-103.761
96.924	-112.610
97.168	-102.444
97.412	-100.075
