0.000	-35.165
0.244	-38.752
0.488	-51.604
0.732	-62.734
0.977	-58.136
1.221	-56.725
1.465	-55.820
1.709	-55.314
1.953	-56.367
2.197	-57.966
2.441	-56.890
2.686	-54.820
2.930	-54.615
3.174	-55.926
3.418	-56.819
3.662	-57.472
3.906	-58.001
4.150	-57.472
4.395	-56.714
4.639	-56.808
4.883	-57.501
5.127	-57.784
5.371	-58.107
5.615	-58.695
5.859	-58.401
6.104	-57.578
6.348	-57.701
6.592	-58.636
6.836	-59.536
7.080	-59.847
7.324	-60.012
7.568	-59.671
7.812	-59.036
8.057	-59.395
8.301	-60.394
8.545	-60.741
8.789	-60.388
9.033	-60.706
9.277	-61.211
9.521	-61.241
9.766	-61.987
10.010	-63.610
10.254	-65.227
10.498	-64.780
10.742	-64.169
10.986	-64.580
11.230	-64.269
11.475	-64.186
11.719	-65.498
11.963	-67.497
12.207	-67.244
12.451	-66.044
12.695	-66.321
12.940	-66.468
13.184	-66.597
13.428	-67.614
13.672	-68.378
13.916	-67.173
14.160	-66.174
14.404	-66.650
14.648	-67.244
14.893	-67.250
15.137	-67.979
15.381	-69.125
15.625	-69.102
15.869	-67.720
16.113	-67.161
16.357	-67.391
16.602	-67.526
16.846	-68.320
17.090	-69.596
17.334	-69.878
17.578	-68.537
17.822	-67.502
18.066	-67.832
18.311	-68.590
18.555	-69.043
18.799	-69.337
19.043	-68.990
19.287	-68.037
19.531	-67.632
19.775	-68.772
20.020	-70.248
20.264	-70.525
20.508	-70.131
20.752	-69.790
20.996	-69.325
21.240	-68.931
21.484	-69.337
21.729	-70.025
21.973	-69.813
22.217	-69.331
22.461	-69.208
22.705	-69.008
22.949	-68.772
23.193	-69.037
23.437	-70.025
23.682	-70.525
23.926	-70.172
24.170	-69.613
24.414	-69.272
24.658	-69.266
24.902	-69.696
25.146	-70.589
25.391	-71.077
25.635	-70.442
25.879	-69.801
26.123	-69.701
26.367	-70.154
26.611	-70.754
26.855	-71.365
27.100	-71.583
27.344	-71.112
27.588	-70.807
27.832	-71.101
28.076	-71.736
28.320	-72.130
28.564	-72.394
28.809	-72.188
29.053	-71.777
29.297	-71.506
29.541	-71.700
29.785	-72.077
30.029	-72.265
30.273	-72.482
30.518	-72.694
30.762	-72.429
31.006	-72.053
31.250	-71.965
31.494	-72.324
31.738	-72.988
31.982	-73.652
32.227	-73.588
32.471	-73.012
32.715	-72.800
32.959	-72.982
33.203	-73.423
33.447	-73.746
33.691	-73.882
33.935	-73.652
34.180	-73.376
34.424	-73.488
34.668	-74.270
34.912	-75.093
35.156	-75.093
35.400	-74.434
35.645	-74.017
35.889	-73.964
36.133	-74.387
36.377	-74.881
36.621	-75.105
36.865	-75.046
37.109	-74.869
37.353	-74.869
37.598	-74.893
37.842	-75.158
38.086	-75.475
38.330	-75.599
38.574	-75.469
38.818	-75.269
39.062	-75.305
39.307	-75.375
39.551	-75.363
39.795	-75.628
40.039	-75.916
40.283	-75.975
40.527	-75.557
40.772	-75.275
41.016	-75.263
41.260	-75.534
41.504	-75.940
41.748	-76.022
41.992	-75.945
42.236	-75.763
42.480	-75.951
42.725	-76.557
42.969	-76.957
43.213	-76.857
43.457	-76.504
43.701	-76.210
43.945	-76.410
44.190	-76.757
44.434	-77.274
44.678	-77.133
44.922	-76.810
45.166	-76.610
45.410	-76.674
45.654	-76.980
45.898	-77.039
46.143	-76.898
46.387	-76.745
46.631	-76.863
46.875	-77.215
47.119	-77.409
47.363	-77.362
47.607	-77.010
47.852	-76.551
48.096	-76.592
48.340	-76.921
48.584	-77.445
48.828	-77.468
49.072	-77.515
49.316	-77.474
49.560	-77.627
49.805	-77.786
50.049	-77.874
50.293	-78.015
50.537	-78.127
50.781	-78.080
51.025	-77.950
51.270	-78.021
51.514	-78.562
51.758	-78.850
52.002	-78.603
52.246	-78.650
52.490	-78.862
52.734	-78.962
52.978	-78.579
53.223	-78.615
53.467	-78.820
53.711	-79.144
53.955	-79.226
54.199	-79.314
54.443	-79.408
54.687	-79.455
54.932	-79.473
55.176	-80.249
55.420	-80.743
55.664	-80.173
55.908	-79.373
56.152	-79.738
56.397	-81.155
56.641	-81.319
56.885	-77.803
57.129	-74.458
57.373	-74.058
57.617	-76.428
57.861	-81.049
58.105	-85.464
58.350	-85.112
58.594	-82.801
58.838	-79.961
59.082	-76.580
59.326	-73.717
59.570	-61.999
59.815	-52.739
60.059	-50.152
60.303	-54.080
60.547	-65.333
60.791	-85.970
61.035	-89.533
61.279	-86.017
61.523	-84.759
61.768	-82.513
62.012	-79.220
62.256	-78.491
62.500	-81.125
62.744	-81.496
62.988	-81.325
63.232	-80.437
63.477	-80.232
63.721	-80.896
63.965	-80.825
64.209	-80.490
64.453	-80.761
64.697	-81.437
64.941	-82.666
65.186	-83.195
65.430	-81.925
65.674	-81.090
65.918	-81.925
66.162	-82.936
66.406	-82.877
66.650	-83.007
66.894	-83.330
67.139	-83.042
67.383	-82.231
67.627	-82.313
67.871	-83.183
68.115	-83.630
68.359	-83.283
68.603	-83.994
68.848	-84.788
69.092	-84.718
69.336	-83.859
69.580	-83.889
69.824	-84.547
70.068	-84.935
70.312	-84.441
70.557	-83.953
70.801	-84.065
71.045	-84.136
71.289	-84.882
71.533	-86.099
71.777	-86.305
72.022	-85.411
72.266	-84.947
72.510	-84.894
72.754	-85.211
72.998	-85.541
73.242	-86.193
73.486	-85.835
73.731	-85.341
73.975	-84.929
74.219	-85.235
74.463	-85.823
74.707	-86.252
74.951	-85.911
75.195	-85.259
75.439	-84.500
75.684	-84.377
75.928	-84.747
76.172	-85.441
76.416	-85.711
76.660	-85.435
76.904	-85.064
77.148	-84.735
77.393	-84.894
77.637	-85.270
77.881	-85.911
78.125	-86.146
78.369	-86.229
78.613	-85.782
78.857	-85.411
79.102	-85.576
79.346	-86.340
79.590	-86.881
79.834	-86.775
80.078	-85.864
80.322	-85.294
80.566	-85.076
80.811	-85.658
81.055	-86.287
81.299	-86.334
81.543	-86.270
81.787	-86.105
82.031	-86.217
82.275	-86.282
82.519	-87.052
82.764	-87.722
83.008	-87.945
83.252	-87.305
83.496	-86.834
83.740	-86.628
83.984	-87.105
84.228	-87.281
84.473	-87.875
84.717	-87.816
84.961	-87.399
85.205	-86.999
85.449	-87.463
85.693	-88.304
85.937	-88.645
86.182	-88.851
86.426	-88.198
86.670	-87.716
86.914	-87.616
87.158	-88.475
87.402	-89.451
87.647	-90.003
87.891	-89.656
88.135	-89.239
88.379	-88.533
88.623	-88.963
88.867	-89.486
89.111	-90.191
89.356	-89.650
89.600	-89.674
89.844	-89.574
90.088	-89.750
90.332	-90.285
90.576	-91.256
90.820	-91.350
91.064	-90.397
91.309	-89.674
91.553	-89.915
91.797	-90.568
92.041	-90.762
92.285	-90.333
92.529	-89.451
92.773	-88.921
93.018	-88.422
93.262	-89.556
93.506	-90.280
93.750	-90.815
93.994	-90.238
94.238	-90.515
94.482	-90.074
94.727	-89.474
94.971	-89.598
95.215	-90.521
95.459	-90.809
95.703	-90.385
95.947	-89.797
96.191	-89.745
96.436	-90.250
96.680	-91.144
96.924	-92.179
97.168	-91.826
97.412	-91.379
