x	y
0.000	-35.965
0.977	-39.310
1.953	-49.752
2.930	-63.493
3.906	-68.037
4.883	-70.942
5.859	-71.318
6.836	-72.635
7.812	-75.128
8.789	-77.603
9.766	-80.085
10.742	-85.376
11.719	-90.750
12.695	-85.776
13.672	-90.291
14.648	-88.763
15.625	-85.635
16.602	-86.252
17.578	-88.157
18.555	-88.116
19.531	-90.527
20.508	-96.377
21.484	-95.653
22.461	-95.671
23.437	-97.747
24.414	-96.000
25.391	-95.542
26.367	-105.972
27.344	-99.987
28.320	-98.893
29.297	-105.061
30.273	-114.391
31.250	-106.336
32.227	-103.314
33.203	-105.713
34.180	-110.623
35.156	-108.106
36.133	-110.346
37.109	-110.728
38.086	-108.294
39.062	-102.926
40.039	-104.396
41.016	-103.314
41.992	-102.762
42.969	-108.171
43.945	-106.325
44.922	-105.431
45.898	-105.466
46.875	-99.581
47.852	-98.035
48.828	-100.110
49.805	-100.704
50.781	-99.851
51.758	-104.643
52.734	-105.866
53.711	-99.428
54.687	-102.685
55.664	-90.403
56.641	-82.719
57.617	-64.674
58.594	-49.752
59.570	-43.185
60.547	-43.455
61.523	-50.640
62.500	-66.856
63.477	-93.637
64.453	-92.237
65.430	-100.798
66.406	-107.336
67.383	-100.692
68.359	-101.492
69.336	-103.608
70.312	-104.808
71.289	-101.210
72.266	-101.427
73.242	-107.336
74.219	-106.366
75.195	-103.120
76.172	-103.056
77.148	-114.391
78.125	-108.400
79.102	-104.878
80.078	-106.877
81.055	-114.391
82.031	-110.493
83.008	-108.306
83.984	-108.365
84.961	-105.790
85.937	-108.871
86.914	-113.163
87.891	-111.381
88.867	-109.106
89.844	-114.391
90.820	-108.083
91.797	-108.288
92.773	-108.800
93.750	-112.998
94.727	-114.391
95.703	-114.391
96.680	-108.912
97.656	-110.346
98.633	-114.391
99.609	-114.391
100.586	-114.244
101.563	-111.657
102.539	-113.468
103.516	-114.391
104.492	-107.418
105.469	-109.658
106.445	-113.868
107.422	-111.381
108.398	-111.122
109.375	-114.056
110.352	-113.198
111.328	-114.391
112.305	-107.753
113.281	-110.152
114.258	-114.391
115.234	-114.391
116.211	-112.022
117.188	-103.126
118.164	-80.543
119.141	-70.389
120.117	-67.620
121.094	-71.647
122.070	-83.424
123.047	-104.255
124.023	-106.736
125.000	-113.357
125.977	-112.410
126.953	-109.476
127.930	-110.623
128.906	-109.335
129.883	-104.543
130.859	-104.114
131.836	-103.520
132.813	-105.602
133.789	-105.954
134.766	-112.192
135.742	-114.391
136.719	-114.391
137.695	-114.391
138.672	-114.391
139.648	-111.657
140.625	-110.517
141.602	-109.511
142.578	-112.851
143.555	-112.192
144.531	-109.106
145.508	-111.316
146.484	-114.391
147.461	-111.410
148.438	-111.240
149.414	-114.391
150.391	-114.391
151.367	-114.391
152.344	-114.391
153.320	-112.345
154.297	-114.391
155.273	-114.391
156.250	-114.391
157.227	-114.391
158.203	-113.827
159.180	-111.240
160.156	-108.947
161.133	-108.565
162.109	-114.391
163.086	-114.391
164.063	-114.391
165.039	-114.391
166.016	-112.792
166.992	-111.628
167.969	-106.877
168.945	-106.001
169.922	-111.022
170.898	-114.391
171.875	-114.391
172.852	-114.391
173.828	-114.391
174.805	-111.928
175.781	-111.810
176.758	-113.468
177.734	-103.091
178.711	-88.175
179.688	-82.148
180.664	-83.048
181.641	-91.326
182.617	-108.171
183.594	-114.391
184.570	-114.391
185.547	-114.391
186.523	-114.391
187.500	-114.391
188.477	-112.410
189.453	-106.989
190.430	-109.988
191.406	-113.163
192.383	-114.391
193.359	-111.046
194.336	-113.827
195.313	-113.163
196.289	-114.391
197.266	-114.391
198.242	-114.391
199.219	-114.391
200.195	-109.511
201.172	-108.765
202.148	-110.035
203.125	-111.305
204.102	-114.391
205.078	-114.391
206.055	-114.391
207.031	-114.391
208.008	-114.391
208.984	-113.468
209.961	-111.628
210.938	-108.294
211.914	-112.851
212.891	-111.046
213.867	-112.457
214.844	-114.391
215.820	-114.391
216.797	-114.391
217.773	-114.391
218.750	-114.391
219.727	-114.391
220.703	-114.391
221.680	-114.391
222.656	-111.810
223.633	-111.211
224.609	-112.898
225.586	-112.998
226.563	-114.244
227.539	-114.391
228.516	-108.541
229.492	-108.559
230.469	-112.345
231.445	-110.958
232.422	-114.391
233.398	-109.658
234.375	-106.501
235.352	-109.194
236.328	-114.391
237.305	-112.898
238.281	-93.890
239.258	-84.347
240.234	-81.860
241.211	-86.146
242.188	-97.564
243.164	-110.017
244.141	-111.628
245.117	-112.345
246.094	-112.410
247.070	-112.851
248.047	-109.335
249.023	-109.847
250.000	-113.809
250.977	-114.391
251.953	-113.468
252.930	-110.035
253.906	-112.998
254.883	-114.391
255.859	-114.391
256.836	-114.391
257.813	-114.391
258.789	-114.391
259.766	-114.391
260.742	-114.244
261.719	-114.391
262.695	-114.391
263.672	-114.391
264.648	-113.468
265.625	-110.276
266.602	-110.728
267.578	-114.391
268.555	-112.457
269.531	-113.827
270.508	-113.468
271.484	-110.176
272.461	-114.391
273.438	-114.391
274.414	-113.186
275.391	-109.106
276.367	-108.400
277.344	-114.391
278.320	-114.391
279.297	-114.391
280.273	-114.391
281.250	-114.391
282.227	-113.992
283.203	-109.194
284.180	-111.117
285.156	-113.198
286.133	-113.357
287.109	-114.391
288.086	-108.159
289.063	-111.381
290.039	-110.728
291.016	-114.391
291.992	-111.622
292.969	-114.391
293.945	-114.391
294.922	-110.305
295.898	-109.394
296.875	-114.391
297.852	-104.126
298.828	-94.795
299.805	-89.880
300.781	-91.644
301.758	-101.163
302.734	-112.998
303.711	-108.306
304.688	-106.184
305.664	-106.095
306.641	-107.889
307.617	-114.391
308.594	-108.982
309.570	-109.012
310.547	-114.244
311.523	-114.391
312.500	-114.391
313.477	-112.792
314.453	-109.888
315.430	-107.166
316.406	-109.029
317.383	-110.623
318.359	-114.391
319.336	-114.391
320.313	-114.391
321.289	-114.244
322.266	-114.391
323.242	-114.391
324.219	-114.391
325.195	-110.346
326.172	-107.389
327.148	-112.457
328.125	-114.391
329.102	-114.391
330.078	-113.886
331.055	-114.391
332.031	-112.486
333.008	-112.792
333.984	-113.827
334.961	-109.782
335.938	-114.391
336.914	-114.391
337.891	-113.468
338.867	-114.244
339.844	-112.110
340.820	-111.646
341.797	-110.958
342.773	-114.391
343.750	-114.391
344.727	-114.391
345.703	-114.244
346.680	-113.868
347.656	-114.391
348.633	-114.391
349.609	-114.391
350.586	-113.509
351.563	-114.391
352.539	-114.391
353.516	-114.391
354.492	-113.163
355.469	-114.391
356.445	-114.391
357.422	-114.391
358.398	-98.546
359.375	-89.345
360.352	-87.828
361.328	-93.219
362.305	-107.418
363.281	-114.391
364.258	-112.457
365.234	-114.391
366.211	-114.391
367.188	-114.391
368.164	-112.457
369.141	-109.106
370.117	-111.381
371.094	-111.657
372.070	-114.391
373.047	-114.391
374.023	-114.391
375.000	-114.391
375.977	-114.391
376.953	-114.391
377.930	-114.391
378.906	-112.022
379.883	-108.635
380.859	-109.747
381.836	-110.858
382.813	-114.391
383.789	-114.391
384.766	-114.391
385.742	-114.391
386.719	-114.391
387.695	-114.391
388.672	-114.391
389.648	-114.391
