0.000	-29.503
3.906	-32.837
7.812	-43.238
11.719	-52.974
15.625	-58.248
19.531	-61.123
23.437	-61.464
27.344	-57.025
31.250	-53.633
35.156	-56.696
39.062	-65.597
42.969	-68.296
46.875	-60.541
50.781	-54.697
54.687	-55.220
58.594	-56.814
62.500	-53.944
66.406	-55.514
70.312	-57.831
74.219	-57.954
78.125	-61.899
82.031	-61.588
85.937	-62.105
89.844	-65.145
93.750	-63.146
97.656	-65.368
101.563	-66.462
105.469	-65.104
109.375	-61.464
113.281	-44.531
117.188	-36.041
121.094	-34.577
125.000	-39.810
128.906	-52.051
132.813	-53.991
136.719	-52.010
140.625	-56.137
144.531	-59.048
148.438	-59.348
152.344	-60.141
156.250	-56.772
160.156	-58.113
164.063	-56.137
167.969	-54.027
171.875	-55.702
175.781	-51.963
179.688	-51.669
183.594	-57.049
187.500	-55.097
191.406	-48.318
195.313	-46.907
199.219	-49.970
203.125	-56.214
207.031	-63.463
210.938	-64.580
214.844	-61.047
218.750	-56.420
222.656	-56.778
226.563	-52.404
230.469	-49.735
234.375	-53.133
238.281	-55.502
242.188	-55.350
246.094	-60.153
250.000	-60.800
253.906	-61.864
257.813	-64.892
261.719	-64.063
265.625	-64.957
269.531	-61.188
273.438	-60.241
277.344	-57.643
281.250	-52.768
285.156	-53.503
289.063	-52.245
292.969	-49.305
296.875	-48.506
300.781	-40.957
304.688	-19.279
308.594	-5.527
312.500	0.000
316.406	-0.729
320.313	-8.590
324.219	-25.200
328.125	-43.414
332.031	-49.200
335.938	-49.652
339.844	-53.409
343.750	-52.357
347.656	-53.115
351.563	-57.948
355.469	-57.260
359.375	-58.677
363.281	-58.736
367.188	-57.854
371.094	-59.871
375.000	-57.360
378.906	-57.848
382.813	-59.159
386.719	-56.437
390.625	-57.131
394.531	-52.657
398.438	-50.934
402.344	-54.826
406.250	-55.379
410.156	-55.820
414.063	-61.217
417.969	-62.475
421.875	-63.269
425.781	-55.144
429.688	-45.625
433.594	-42.068
437.500	-44.902
441.406	-54.391
445.313	-57.931
449.219	-54.279
453.125	-56.367
457.031	-59.765
460.938	-58.718
464.844	-61.023
468.750	-58.589
472.656	-58.448
476.563	-62.493
480.469	-61.764
484.375	-63.381
488.281	-62.952
492.188	-60.794
496.094	-62.417
500.000	-53.474
503.906	-44.220
507.813	-41.186
511.719	-44.467
515.625	-54.515
519.531	-68.190
523.438	-69.631
527.344	-67.855
531.250	-61.987
535.156	-61.294
539.063	-64.892
542.969	-64.233
546.875	-64.833
550.781	-61.029
554.688	-58.007
558.594	-58.636
562.500	-58.389
566.406	-59.765
570.313	-59.706
574.219	-55.532
578.125	-56.719
582.031	-62.922
585.938	-64.398
589.844	-64.034
593.750	-58.713
597.656	-57.666
601.563	-61.247
605.469	-60.118
609.375	-60.347
613.281	-57.260
617.188	-52.710
621.094	-41.427
625.000	-33.460
628.906	-32.126
632.813	-37.252
636.719	-48.917
640.625	-56.731
644.531	-63.987
648.438	-73.153
652.344	-66.838
656.250	-58.913
660.156	-57.378
664.063	-62.082
667.969	-68.978
671.875	-67.502
675.781	-61.376
679.688	-57.878
683.594	-59.259
687.500	-57.525
691.406	-55.773
695.313	-58.924
699.219	-62.675
703.125	-64.439
707.031	-65.974
710.938	-63.557
714.844	-65.098
718.750	-64.122
722.656	-62.611
726.563	-66.144
730.469	-67.491
734.375	-67.591
738.281	-61.588
742.188	-48.494
746.094	-42.473
750.000	-42.944
753.906	-49.876
757.813	-59.877
761.719	-56.020
765.625	-55.861
769.531	-60.735
773.438	-61.829
777.344	-63.457
781.250	-64.592
785.156	-63.063
789.063	-64.145
792.969	-60.377
796.875	-59.906
800.781	-60.976
804.688	-57.084
808.594	-57.178
812.500	-59.401
816.406	-50.922
820.313	-45.778
824.219	-46.571
828.125	-52.745
832.031	-61.882
835.938	-64.063
839.844	-65.509
843.750	-71.836
847.656	-75.757
851.563	-68.984
855.469	-62.117
859.375	-61.311
863.281	-64.333
867.188	-63.522
871.094	-65.356
875.000	-69.795
878.906	-69.549
882.813	-67.350
886.719	-62.940
890.625	-62.440
894.531	-66.856
898.438	-68.790
902.344	-69.072
906.250	-65.380
910.156	-62.423
914.063	-64.092
917.969	-62.452
921.875	-61.182
925.781	-60.171
929.688	-52.868
933.594	-35.959
937.500	-25.664
941.406	-22.213
945.313	-24.923
949.219	-34.066
953.125	-48.059
957.031	-55.220
960.938	-61.623
964.844	-63.598
968.750	-65.274
972.656	-63.181
976.563	-65.068
980.469	-65.562
984.375	-64.069
988.281	-63.851
992.188	-60.453
996.094	-60.794
1000.000	-63.469
1003.910	-62.129
1007.810	-64.457
1011.720	-70.336
1015.630	-71.036
1019.530	-66.526
1023.440	-60.970
1027.340	-60.994
1031.250	-65.080
1035.160	-65.015
1039.060	-66.526
1042.970	-66.479
1046.880	-64.733
1050.780	-64.333
1054.690	-53.121
1058.590	-45.137
1062.500	-43.473
1066.410	-47.859
1070.310	-57.784
1074.220	-61.335
1078.130	-59.947
1082.030	-63.293
1085.940	-65.862
1089.840	-66.144
1093.750	-66.579
1097.660	-63.587
1101.560	-64.721
1105.470	-64.974
1109.380	-63.446
1113.280	-64.069
1117.190	-60.318
1121.090	-59.947
1125.000	-63.992
1128.910	-56.814
1132.810	-49.782
1136.720	-48.688
1140.630	-53.256
1144.530	-63.352
1148.440	-69.678
1152.340	-69.590
1156.250	-69.672
1160.160	-66.579
1164.060	-67.479
1167.970	-68.990
1171.880	-67.479
1175.780	-69.513
1179.690	-72.870
1183.590	-66.644
1187.500	-60.917
1191.410	-60.582
1195.310	-64.369
1199.220	-70.883
1203.130	-75.410
1207.030	-75.945
1210.940	-72.653
1214.840	-71.883
1218.750	-71.953
1222.660	-68.620
1226.560	-69.266
1230.470	-72.535
1234.380	-72.282
1238.280	-68.014
1242.190	-61.676
1246.090	-55.285
1250.000	-44.284
1253.910	-38.934
1257.810	-39.475
1261.720	-45.737
1265.630	-56.620
1269.530	-63.040
1273.440	-67.438
1277.340	-68.261
1281.250	-72.382
1285.160	-78.609
1289.060	-78.879
1292.970	-75.516
1296.880	-71.753
1300.780	-68.402
1304.690	-62.364
1308.590	-60.412
1312.500	-63.240
1316.410	-63.352
1320.310	-62.705
1324.220	-64.939
1328.130	-66.891
1332.030	-68.561
1335.940	-66.867
1339.840	-65.621
1343.750	-66.762
1347.660	-64.034
1351.560	-64.228
1355.470	-69.125
1359.380	-72.729
1363.280	-73.488
1367.190	-63.293
1371.090	-53.245
1375.000	-49.617
1378.910	-51.763
1382.810	-59.248
1386.720	-62.581
1390.630	-59.259
1394.530	-60.694
1398.440	-64.480
1402.340	-64.745
1406.250	-66.791
1410.160	-65.750
1414.060	-65.374
1417.970	-66.344
1421.880	-64.010
1425.780	-63.892
1429.690	-60.447
1433.590	-57.760
1437.500	-59.265
1441.410	-61.746
1445.310	-58.266
1449.220	-55.649
1453.130	-56.631
1457.030	-60.723
1460.940	-67.320
1464.840	-70.619
1468.750	-71.571
1472.660	-68.137
1476.560	-66.615
1480.470	-63.081
1484.380	-59.036
1488.280	-59.941
1492.190	-64.621
1496.090	-66.609
1500.000	-68.508
1503.910	-68.649
1507.810	-68.320
1511.720	-71.201
1515.630	-72.712
1519.530	-73.188
1523.440	-71.312
1527.340	-68.814
1531.250	-70.677
1535.160	-75.557
1539.060	-74.440
1542.970	-65.351
1546.880	-60.535
1550.780	-59.065
1554.690	-54.009
1558.590	-47.471
