0.000	-29.380
0.977	-32.908
1.953	-45.149
2.930	-61.059
3.906	-63.169
4.883	-71.306
5.859	-86.611
6.836	-76.504
7.812	-68.814
8.789	-60.171
9.766	-53.821
10.742	-53.239
11.719	-59.553
12.695	-77.468
13.672	-78.309
14.648	-80.208
15.625	-88.804
16.602	-88.398
17.578	-92.061
18.555	-77.809
19.531	-66.015
20.508	-60.870
21.484	-62.134
22.461	-71.618
23.437	-78.033
24.414	-70.671
25.391	-66.509
26.367	-62.376
27.344	-61.858
28.320	-70.407
29.297	-78.673
30.273	-57.354
31.250	-51.669
32.227	-53.750
33.203	-63.028
34.180	-79.091
35.156	-80.431
36.133	-76.827
37.109	-71.806
38.086	-73.270
39.062	-83.207
40.039	-75.216
41.016	-67.649
41.992	-67.085
42.969	-71.847
43.945	-81.396
44.922	-103.314
45.898	-81.143
46.875	-78.297
47.852	-88.051
48.828	-80.761
49.805	-70.160
50.781	-59.059
51.758	-54.038
52.734	-55.438
53.711	-62.875
54.687	-71.512
55.664	-70.413
56.641	-68.525
57.617	-74.029
58.594	-75.845
59.570	-68.602
60.547	-62.446
61.523	-55.920
62.500	-53.768
63.477	-57.572
64.453	-68.561
65.430	-81.613
66.406	-72.876
67.383	-75.687
68.359	-82.478
69.336	-84.147
70.312	-85.400
71.289	-68.749
72.266	-60.124
73.242	-59.271
74.219	-65.421
75.195	-77.157
76.172	-80.867
77.148	-85.088
78.125	-88.510
79.102	-86.317
80.078	-83.853
81.055	-78.956
82.031	-66.368
83.008	-61.623
83.984	-64.028
84.961	-74.182
85.937	-83.454
86.914	-88.551
87.891	-95.618
88.867	-87.487
89.844	-77.192
90.820	-75.634
91.797	-73.017
92.773	-64.669
93.750	-63.751
94.727	-77.674
95.703	-66.856
96.680	-66.097
97.656	-70.883
98.633	-78.344
99.609	-88.863
100.586	-79.555
101.563	-82.766
102.539	-75.504
103.516	-66.562
104.492	-65.797
105.469	-71.559
106.445	-78.197
107.422	-80.284
108.398	-83.001
109.375	-82.683
110.352	-85.846
111.328	-95.448
112.305	-83.989
113.281	-71.389
114.258	-67.173
115.234	-70.848
116.211	-81.601
117.188	-67.097
118.164	-46.995
119.141	-37.070
120.117	-34.489
121.094	-38.669
122.070	-50.499
123.047	-65.139
124.023	-58.013
125.000	-54.432
125.977	-56.966
126.953	-66.368
127.930	-72.159
128.906	-76.216
129.883	-67.967
130.859	-68.320
131.836	-71.430
132.813	-68.284
133.789	-58.272
134.766	-52.510
135.742	-52.968
136.719	-60.312
137.695	-76.498
138.672	-86.140
139.648	-85.641
140.625	-87.775
141.602	-91.991
142.578	-88.910
143.555	-74.975
144.531	-63.275
145.508	-58.807
146.484	-60.659
147.461	-67.109
148.438	-69.696
149.414	-68.484
150.391	-70.607
151.367	-82.589
152.344	-71.941
153.320	-59.812
154.297	-52.469
155.273	-50.205
156.250	-53.821
157.227	-65.739
158.203	-83.330
159.180	-68.496
160.156	-67.967
161.133	-75.663
162.109	-78.209
163.086	-74.916
164.063	-72.588
165.039	-61.217
166.016	-54.909
166.992	-55.461
167.969	-63.240
168.945	-76.298
169.922	-81.913
170.898	-89.504
171.875	-83.001
172.852	-77.139
173.828	-74.775
174.805	-65.456
175.781	-55.191
176.758	-51.528
177.734	-54.832
178.711	-68.284
179.688	-69.590
180.664	-77.539
181.641	-71.265
182.617	-62.934
183.594	-57.854
184.570	-57.013
185.547	-62.652
186.523	-70.854
187.500	-66.538
188.477	-66.879
189.453	-67.749
190.430	-56.714
191.406	-48.900
192.383	-47.789
193.359	-53.321
194.336	-64.998
195.313	-67.502
196.289	-58.289
197.266	-53.133
198.242	-54.232
199.219	-62.769
200.195	-86.634
201.172	-84.106
202.148	-89.750
203.125	-88.622
204.102	-80.872
205.078	-76.957
206.055	-72.888
207.031	-64.028
208.008	-60.041
208.984	-61.200
209.961	-67.314
210.938	-85.705
211.914	-71.495
212.891	-66.615
213.867	-65.427
214.844	-71.171
215.820	-81.554
216.797	-67.732
217.773	-58.307
218.750	-57.008
219.727	-62.834
220.703	-72.641
221.680	-72.147
222.656	-73.705
223.633	-75.293
224.609	-79.261
225.586	-104.896
226.563	-67.761
227.539	-55.191
228.516	-49.870
229.492	-51.128
230.469	-59.618
231.445	-76.921
232.422	-80.919
233.398	-87.987
234.375	-90.462
235.352	-84.700
236.328	-81.790
237.305	-68.537
238.281	-58.366
239.258	-55.079
240.234	-58.630
241.211	-71.706
242.188	-81.084
243.164	-85.717
244.141	-84.671
245.117	-79.003
246.094	-78.556
247.070	-83.030
248.047	-71.671
249.023	-62.752
250.000	-61.652
250.977	-68.190
251.953	-69.425
252.930	-62.552
253.906	-62.834
254.883	-68.326
255.859	-80.102
256.836	-76.116
257.813	-71.283
258.789	-73.306
259.766	-67.179
260.742	-67.796
261.719	-77.209
262.695	-84.735
263.672	-86.193
264.648	-87.322
265.625	-76.128
266.602	-75.428
267.578	-82.448
268.555	-75.111
269.531	-64.069
270.508	-61.582
271.484	-66.720
272.461	-80.884
273.438	-77.233
274.414	-71.501
275.391	-70.589
276.367	-71.800
277.344	-70.630
278.320	-68.014
279.297	-59.771
280.273	-52.874
281.250	-50.346
282.227	-51.369
283.203	-55.691
284.180	-64.486
285.156	-76.228
286.133	-89.780
287.109	-98.481
288.086	-80.514
289.063	-65.515
290.039	-54.209
291.016	-49.335
291.992	-50.863
292.969	-59.700
293.945	-87.828
294.922	-83.471
295.898	-82.672
296.875	-74.140
297.852	-76.745
298.828	-62.675
299.805	-50.811
300.781	-42.415
301.758	-39.904
302.734	-43.955
303.711	-54.985
304.688	-52.480
305.664	-50.217
306.641	-50.152
307.617	-49.164
308.594	-37.376
309.570	-20.661
310.547	-7.085
311.523	-0.300
312.500	-0.112
313.477	-6.997
314.453	-24.623
315.430	-38.934
316.406	-49.194
317.383	-47.800
318.359	-48.847
319.336	-52.116
320.313	-53.868
321.289	-43.749
322.266	-39.628
323.242	-41.791
324.219	-50.840
325.195	-67.009
326.172	-81.672
327.148	-90.897
328.125	-82.236
329.102	-78.497
330.078	-70.366
331.055	-58.801
332.031	-51.252
333.008	-49.735
333.984	-55.003
334.961	-70.895
335.938	-76.627
336.914	-76.674
337.891	-79.279
338.867	-71.236
339.844	-62.646
340.820	-57.842
341.797	-62.928
342.773	-55.361
343.750	-52.592
344.727	-59.330
345.703	-73.458
346.680	-74.170
347.656	-71.518
348.633	-67.638
349.609	-68.478
350.586	-76.275
351.563	-71.042
352.539	-62.023
353.516	-58.448
354.492	-61.382
355.469	-74.158
356.445	-77.892
357.422	-84.194
358.398	-77.562
359.375	-69.072
360.352	-67.961
361.328	-73.676
362.305	-66.844
363.281	-59.142
364.258	-58.325
365.234	-66.691
366.211	-74.135
367.188	-77.627
368.164	-69.272
369.141	-64.792
370.117	-62.540
371.094	-62.999
372.070	-70.842
373.047	-64.469
374.023	-57.313
375.000	-57.690
375.977	-64.522
376.953	-75.998
377.930	-77.991
378.906	-75.163
379.883	-75.052
380.859	-73.723
381.836	-73.294
382.813	-69.413
383.789	-61.347
384.766	-57.548
385.742	-60.035
386.719	-69.854
387.695	-84.312
388.672	-85.429
389.648	-91.461
